{
    "48517_9_1": {
        "joint_pt": [
            -0.08638705076556541,
            -0.28088390092473753,
            1.551587508198981
        ],
        "joint_axis": [
            -0.6198692815004857,
            0.43259401802034025,
            0.6546942021009279
        ],
        "rotation": [
            [
                0.6199073112891625,
                0.7846743487516825,
                0.0010449025621387387
            ],
            [
                -0.43251023711444736,
                0.34280160092595247,
                -0.833919634733353
            ],
            [
                -0.6547135405667475,
                0.5165009475438812,
                0.5518849073718425
            ]
        ],
        "translation": [
            -0.7179876278179346,
            0.4975338655618789,
            1.2980256543422766
        ],
        "scale": 1.0261912106071294,
        "joint_pt_gt": [
            -0.05992422445581347,
            -0.29494671209221146,
            1.5284604931752526
        ],
        "joint_axis_gt": [
            -0.6147189140319824,
            0.43234971165657043,
            0.6596925854682922
        ]
    },
    "40453_12_2": {
        "joint_pt": [
            -0.11270968657378899,
            -0.23177275297602973,
            2.2682040541036748
        ],
        "joint_axis": [
            0.09763862419987067,
            0.8692630757873385,
            0.48461161280729675
        ],
        "rotation": [
            [
                -0.09758370461368737,
                0.9952245201694573,
                -0.0023611538158260503
            ],
            [
                -0.869223986841606,
                -0.08638406385361508,
                -0.4868135723368014
            ],
            [
                -0.48469277000286715,
                -0.045452700311509775,
                0.8735027021946411
            ]
        ],
        "translation": [
            -0.45602842247196845,
            0.728071102312952,
            1.9403290282389463
        ],
        "scale": 1.0187816686197766,
        "joint_pt_gt": [
            -0.38580344045734727,
            -0.10706827042317169,
            2.2593941175571706
        ],
        "joint_axis_gt": [
            0.09593725949525833,
            0.8716405034065247,
            0.48066505789756775
        ]
    },
    "46641_9_0": {
        "joint_pt": [
            -0.02756134553569034,
            -0.26338712541851006,
            1.0916402591614847
        ],
        "joint_axis": [
            -0.7202605527116425,
            0.16353634784311058,
            0.6741517692314736
        ],
        "rotation": [
            [
                0.7202940851324786,
                0.693664008252742,
                0.0025835204480763596
            ],
            [
                -0.16344991479755855,
                0.17334203603034992,
                -0.9712037190505007
            ],
            [
                -0.6741368972811357,
                0.6991300180936253,
                0.2382365663045256
            ]
        ],
        "translation": [
            -0.6847979072743995,
            0.5090130236435113,
            1.1196137456306992
        ],
        "scale": 0.9843210224498284,
        "joint_pt_gt": [
            -0.012201467705987401,
            -0.27654410439711385,
            1.1067423577054898
        ],
        "joint_axis_gt": [
            -0.7535838484764099,
            0.1480041742324829,
            0.6404733657836914
        ]
    },
    "48517_6_0": {
        "joint_pt": [
            -0.0688247813847657,
            -0.20656804372924042,
            1.8770781804872134
        ],
        "joint_axis": [
            0.3621646181856767,
            0.7605835799658035,
            0.5388408059169929
        ],
        "rotation": [
            [
                -0.362125254078053,
                0.932122871313013,
                0.003500447698432829
            ],
            [
                -0.7605547008127145,
                -0.29329654805280353,
                -0.5792526926756505
            ],
            [
                -0.538908013886032,
                -0.21242431046255847,
                0.8151405184959946
            ]
        ],
        "translation": [
            -0.2971372242714893,
            0.853770015132015,
            1.5925775851380235
        ],
        "scale": 1.0408177202617472,
        "joint_pt_gt": [
            -0.0770606982467224,
            -0.19337665983334973,
            1.8194062560668276
        ],
        "joint_axis_gt": [
            0.41044747829437256,
            0.7419243454933167,
            0.5301708579063416
        ]
    },
    "45290_6_2": {
        "joint_pt": [
            0.03354655600496548,
            -0.24418124272895292,
            1.8856156671198474
        ],
        "joint_axis": [
            0.4047633885027343,
            0.7843250300247935,
            0.4701072911722089
        ],
        "rotation": [
            [
                -0.40469686047048115,
                0.9144416868970516,
                0.0041051662828952284
            ],
            [
                -0.7842909441944906,
                -0.3447817255819682,
                -0.515764749240615
            ],
            [
                -0.4702214010228053,
                -0.21194801949910916,
                0.856720415917909
            ]
        ],
        "translation": [
            -0.25771690204417375,
            0.8516032995094514,
            1.6576674430717133
        ],
        "scale": 1.0101709175381954,
        "joint_pt_gt": [
            0.03849304394008107,
            -0.2338585738889314,
            1.8519104368705281
        ],
        "joint_axis_gt": [
            0.3807933032512665,
            0.7913227677345276,
            0.4783353805541992
        ]
    },
    "46334_3_4": {
        "joint_pt": [
            -0.22630395059856068,
            -0.23344924425031277,
            1.826544702810273
        ],
        "joint_axis": [
            -0.1071139616104419,
            0.7121322826438058,
            0.6938257821793825
        ],
        "rotation": [
            [
                0.10715144547705718,
                0.9942215826910283,
                0.006481685237917423
            ],
            [
                -0.7120889914706201,
                0.08129121396520184,
                -0.6973671965029747
            ],
            [
                -0.6938644218855237,
                0.07010836642947815,
                0.7166847151977345
            ]
        ],
        "translation": [
            -0.5665415724420221,
            0.7154241363434289,
            1.8202412783233313
        ],
        "scale": 1.0339013990011132,
        "joint_pt_gt": [
            -0.24011791966879625,
            -0.20752073382015834,
            1.8658097652894585
        ],
        "joint_axis_gt": [
            -0.11865612864494324,
            0.7341470718383789,
            0.6685422658920288
        ]
    },
    "47438_3_1": {
        "joint_pt": [
            -0.13874659693474214,
            -0.12381073502683926,
            1.7833522174697771
        ],
        "joint_axis": [
            0.5710583588276041,
            0.742512105859029,
            0.3500973165392536
        ],
        "rotation": [
            [
                -0.5710215527045358,
                0.8209313210889028,
                -0.0024804036223912973
            ],
            [
                -0.7425034207469802,
                -0.5177529518503262,
                -0.4249947658846012
            ],
            [
                -0.350175750910788,
                -0.24083946293226693,
                0.9051924085897778
            ]
        ],
        "translation": [
            -0.12964846677647712,
            0.8541927583789705,
            1.3233692329239202
        ],
        "scale": 1.0037964552896808,
        "joint_pt_gt": [
            -0.12006566661388313,
            -0.11380188561682536,
            1.80163961316287
        ],
        "joint_axis_gt": [
            0.5822460651397705,
            0.7406976819038391,
            0.3351961672306061
        ]
    },
    "46544_9_0": {
        "joint_pt": [
            -0.30522977580682614,
            0.046968411032415724,
            2.012023608011959
        ],
        "joint_axis": [
            -0.19174027083863956,
            -0.017053018500401935,
            0.9812975481713198
        ],
        "rotation": [
            [
                0.19180135482148783,
                0.9811909693526568,
                0.02182938270852708
            ],
            [
                0.01715802932633559,
                0.018886579977055784,
                -0.9996743965544015
            ],
            [
                -0.9812837725746199,
                0.1921134528281762,
                -0.013212831799344904
            ]
        ],
        "translation": [
            -0.5854508992946312,
            0.5084301405108297,
            2.088891192960338
        ],
        "scale": 0.9726831694932531,
        "joint_pt_gt": [
            -0.09362630803869681,
            -0.22297219148847303,
            1.5266900289056418
        ],
        "joint_axis_gt": [
            -0.20025645196437836,
            -0.03429165855050087,
            0.9791432023048401
        ]
    },
    "45290_9_1": {
        "joint_pt": [
            -0.13696557928998257,
            -0.24345463104845655,
            1.48371897195372
        ],
        "joint_axis": [
            0.29509194445596804,
            0.6938461632669817,
            0.6568852713004495
        ],
        "rotation": [
            [
                -0.2950322057663367,
                0.9554605804103029,
                -0.007146806465633038
            ],
            [
                -0.693791819166574,
                -0.21936363836353523,
                -0.6859537198830896
            ],
            [
                -0.6569694888030844,
                -0.1974200431717088,
                0.7276100723161375
            ]
        ],
        "translation": [
            -0.3365234523575969,
            0.8396694798451912,
            1.4016576380599852
        ],
        "scale": 1.0162471854159574,
        "joint_pt_gt": [
            -0.1326105529395131,
            -0.2515149340428202,
            1.4662505717022332
        ],
        "joint_axis_gt": [
            0.33118319511413574,
            0.6786702871322632,
            0.6555336713790894
        ]
    },
    "46653_12_1": {
        "joint_pt": [
            -0.09686876543276718,
            -0.3759414187142551,
            1.5675838193301452
        ],
        "joint_axis": [
            0.07655268698030614,
            0.3003169655356102,
            0.9507625439548832
        ],
        "rotation": [
            [
                -0.07650811412873576,
                0.9962456804156212,
                0.04050990898138773
            ],
            [
                -0.30024016542563153,
                0.01572390250239436,
                -0.9537340310355317
            ],
            [
                -0.9507903825437306,
                -0.08513109386887485,
                0.2979099617653546
            ]
        ],
        "translation": [
            -0.4877307142339094,
            0.6489521971381751,
            1.92630683379518
        ],
        "scale": 1.0234658467574036,
        "joint_pt_gt": [
            -0.103052089139623,
            -0.3697391945053746,
            1.5104938461571362
        ],
        "joint_axis_gt": [
            0.07820737361907959,
            0.17044658958911896,
            0.9822583794593811
        ]
    },
    "44962_0_2": {
        "joint_pt": [
            -0.29652435166983676,
            -0.01282695735684014,
            2.162795662954511
        ],
        "joint_axis": [
            -0.19155311489697285,
            -0.1467397061851312,
            0.9704508632984077
        ],
        "rotation": [
            [
                0.1916153619226462,
                0.9813018857064686,
                0.01817036554894602
            ],
            [
                0.14684277074307106,
                -0.010358606643897095,
                -0.9891056060648403
            ],
            [
                -0.9704229767249698,
                0.19219601550845444,
                -0.146081955993623
            ]
        ],
        "translation": [
            -0.5932798387595618,
            0.4742856928391634,
            2.305393937736196
        ],
        "scale": 0.9932265167668128,
        "joint_pt_gt": [
            -0.30900685435658937,
            0.004917542698332944,
            2.16135457100128
        ],
        "joint_axis_gt": [
            -0.1911693811416626,
            -0.15578684210777283,
            0.9691154360771179
        ]
    },
    "47233_9_1": {
        "joint_pt": [
            -0.064089357867462,
            -0.038718824019852605,
            1.5902866318401847
        ],
        "joint_axis": [
            0.10191145597289533,
            0.7472903781905527,
            0.6566362462928242
        ],
        "rotation": [
            [
                -0.10184820701843506,
                0.9947769115295408,
                -0.006770451600773997
            ],
            [
                -0.7472289050244088,
                -0.08099283388611628,
                -0.6596128594525121
            ],
            [
                -0.6567160011931745,
                -0.06212130992537418,
                0.7515750372584247
            ]
        ],
        "translation": [
            -0.4437335497436735,
            0.7775518273106116,
            1.6509177780402182
        ],
        "scale": 1.002536695513173,
        "joint_pt_gt": [
            -0.060908629712502826,
            -0.22649465743121366,
            1.8393953379101045
        ],
        "joint_axis_gt": [
            0.08750291913747787,
            0.7527353763580322,
            0.6524819135665894
        ]
    },
    "46641_3_2": {
        "joint_pt": [
            -0.07762744262807231,
            -0.22148123104208323,
            1.6493721229381113
        ],
        "joint_axis": [
            -0.09997060858612476,
            -0.1185190583713901,
            0.9879064315767111
        ],
        "rotation": [
            [
                0.10001371678895613,
                0.9949585096870853,
                0.007404083691669727
            ],
            [
                0.11859185226238289,
                -0.004531902329331178,
                -0.9929327441666205
            ],
            [
                -0.9878933287713996,
                0.10018495826486218,
                -0.11844722498409246
            ]
        ],
        "translation": [
            -0.5251167250938882,
            0.4664844910614124,
            2.28588147348437
        ],
        "scale": 0.9566969349164373,
        "joint_pt_gt": [
            -0.08087692805830055,
            -0.2157918697798401,
            1.6580048630976756
        ],
        "joint_axis_gt": [
            -0.09876512736082077,
            -0.11192241311073303,
            0.9887966513633728
        ]
    },
    "48010_9_0": {
        "joint_pt": [
            -0.1091555618273386,
            -0.2896955784208478,
            1.9297785867945243
        ],
        "joint_axis": [
            0.09531571292962618,
            0.6403747338952809,
            0.7621254007879359
        ],
        "rotation": [
            [
                -0.09526000659609712,
                0.9954448808043934,
                0.0038756191296727693
            ],
            [
                -0.6403082504524795,
                -0.05829295151266389,
                -0.7659029156534309
            ],
            [
                -0.7621882153023596,
                -0.0754415077014568,
                0.6429445569953407
            ]
        ],
        "translation": [
            -0.45929070941749545,
            0.7695034511990183,
            1.9483769367914776
        ],
        "scale": 1.0238474050560427,
        "joint_pt_gt": [
            -0.11560628594136119,
            -0.26908061325506183,
            1.9064253434023941
        ],
        "joint_axis_gt": [
            0.09796000272035599,
            0.6285165548324585,
            0.7716027498245239
        ]
    },
    "46537_0_0": {
        "joint_pt": [
            -0.10084436361170773,
            -0.2167619819035349,
            1.9369976450514155
        ],
        "joint_axis": [
            0.1404819862914778,
            0.8025057245123735,
            0.579870142298281
        ],
        "rotation": [
            [
                -0.14043539609303318,
                0.9900875319452133,
                -0.0021397688729185016
            ],
            [
                -0.8024654745172038,
                -0.1150881877686834,
                -0.5854945527022428
            ],
            [
                -0.579937118774158,
                -0.08050706877508912,
                0.8106735163709071
            ]
        ],
        "translation": [
            -0.4342219694474437,
            0.7704726005862833,
            1.681506178081539
        ],
        "scale": 1.0199323140041,
        "joint_pt_gt": [
            -0.10211725917313397,
            0.0006894776576704675,
            1.6676018391308058
        ],
        "joint_axis_gt": [
            0.14170093834400177,
            0.8183917999267578,
            0.5569162368774414
        ]
    },
    "45135_9_1": {
        "joint_pt": [
            -0.07074092206468746,
            -0.306903073227738,
            1.031778901173542
        ],
        "joint_axis": [
            -0.036070614865553755,
            0.7424904153398062,
            0.6688848201340705
        ],
        "rotation": [
            [
                0.036119505793649365,
                0.9992904362285813,
                -0.010677329409292391
            ],
            [
                -0.7424358012711765,
                0.019680539296303146,
                -0.6696280739065776
            ],
            [
                -0.6689427944839894,
                0.03211386671048316,
                0.7426198470771251
            ]
        ],
        "translation": [
            -0.5202991146518531,
            0.7276133682515697,
            1.2874033656942354
        ],
        "scale": 1.0060246306381473,
        "joint_pt_gt": [
            -0.04691148095743369,
            -0.2657763388269906,
            0.9981704134939806
        ],
        "joint_axis_gt": [
            -0.07081937044858932,
            0.6882734894752502,
            0.7219862937927246
        ]
    },
    "47183_3_3": {
        "joint_pt": [
            -0.04070494935707292,
            -0.2820607621167573,
            1.5072118245825403
        ],
        "joint_axis": [
            -0.6587462784800793,
            0.5117050459792665,
            0.551553529408438
        ],
        "rotation": [
            [
                0.6587835347561558,
                0.7523123770191913,
                0.005508331682028134
            ],
            [
                -0.5116222128421539,
                0.45336040502041297,
                -0.7298678335741513
            ],
            [
                -0.5515858642683682,
                0.4780067264625692,
                0.6835660932169294
            ]
        ],
        "translation": [
            -0.7202588810538673,
            0.4278668281758174,
            1.123493180237755
        ],
        "scale": 1.0231526439808871,
        "joint_pt_gt": [
            -0.0514858732162331,
            -0.27468618434170133,
            1.4984375647172268
        ],
        "joint_axis_gt": [
            -0.6784914135932922,
            0.49753013253211975,
            0.5404750108718872
        ]
    },
    "47178_3_3": {
        "joint_pt": [
            -0.0928085322468023,
            -0.1990955688802163,
            2.1622754641860684
        ],
        "joint_axis": [
            0.21607305754867037,
            0.6073340701848275,
            0.7644983766710204
        ],
        "rotation": [
            [
                -0.2160329275602792,
                0.9761949820612423,
                0.019316604468325116
            ],
            [
                -0.60728286100069,
                -0.11884819494195464,
                -0.7855460733106976
            ],
            [
                -0.7645503913703477,
                -0.18143446077713482,
                0.6185016050892338
            ]
        ],
        "translation": [
            -0.38337006764805,
            0.753047052443172,
            2.097843674134329
        ],
        "scale": 0.9940640765957913,
        "joint_pt_gt": [
            -0.09787309927531146,
            -0.16001240177832754,
            2.1440405751617044
        ],
        "joint_axis_gt": [
            0.19760280847549438,
            0.5973079800605774,
            0.7772877812385559
        ]
    },
    "47233_6_4": {
        "joint_pt": [
            0.05463466613031451,
            -0.3062873874796782,
            1.9826822511611877
        ],
        "joint_axis": [
            0.553789088381438,
            0.6391842405493323,
            0.5336301776664223
        ],
        "rotation": [
            [
                -0.5537363075504086,
                0.8326916804246813,
                0.0008167324897045969
            ],
            [
                -0.6391462073986205,
                -0.424400324972274,
                -0.6413863809993069
            ],
            [
                -0.5337304818617717,
                -0.3556809378009297,
                0.7672175983491597
            ]
        ],
        "translation": [
            -0.14011922906587787,
            0.8953995688278505,
            1.8707348214810788
        ],
        "scale": 1.015513410531504,
        "joint_pt_gt": [
            0.06528666779602713,
            -0.30118226643008983,
            1.9724862307109365
        ],
        "joint_axis_gt": [
            0.5499666333198547,
            0.6273071765899658,
            0.551382303237915
        ]
    },
    "48253_6_3": {
        "joint_pt": [
            -0.07453543068841945,
            -0.25558268623707114,
            1.5902799926034308
        ],
        "joint_axis": [
            0.09256631264461604,
            0.2110855221671792,
            0.9730747076768923
        ],
        "rotation": [
            [
                -0.09252486306272545,
                0.9957067896185272,
                -0.0026718575542081235
            ],
            [
                -0.21101797888282475,
                -0.022230869016566013,
                -0.9772293492578783
            ],
            [
                -0.9730932957858829,
                -0.08985420174000969,
                0.21216894241673073
            ]
        ],
        "translation": [
            -0.44330654218829535,
            0.6218904359886684,
            2.0452277782233717
        ],
        "scale": 0.9875879032929871,
        "joint_pt_gt": [
            -0.074939478402684,
            -0.23341552361903484,
            1.5997900622803687
        ],
        "joint_axis_gt": [
            0.08479434996843338,
            0.21014432609081268,
            0.9739862680435181
        ]
    },
    "46230_0_3": {
        "joint_pt": [
            -0.06599843822350715,
            -0.2073404928827472,
            1.3811550872885854
        ],
        "joint_axis": [
            -0.28799285904026367,
            -0.304908842983188,
            0.9077944246469085
        ],
        "rotation": [
            [
                0.2880316723753989,
                0.9574028384127687,
                0.02043430223434256
            ],
            [
                0.3049732496468772,
                -0.07148090134793958,
                -0.9496745746529752
            ],
            [
                -0.9077604709990703,
                0.27976827150636596,
                -0.3125710184100342
            ]
        ],
        "translation": [
            -0.6192162480673324,
            0.3624939834883872,
            2.128029497712253
        ],
        "scale": 0.9785704820481894,
        "joint_pt_gt": [
            -0.06825425956472608,
            -0.19558360746956105,
            1.4058322103215697
        ],
        "joint_axis_gt": [
            -0.2867388427257538,
            -0.2913065254688263,
            0.9126452803611755
        ]
    },
    "40453_6_0": {
        "joint_pt": [
            -0.18483627300572458,
            -0.2504024979517977,
            1.7525559347114548
        ],
        "joint_axis": [
            -0.7510863607377024,
            -0.10709577760012125,
            0.6514597293286831
        ],
        "rotation": [
            [
                0.7511120330433183,
                0.6601685644307638,
                -0.00286013198252405
            ],
            [
                0.10715567198227194,
                -0.12618986441908725,
                -0.9862016934075504
            ],
            [
                -0.6514202758431462,
                0.7404414795615633,
                -0.16552353175643159
            ]
        ],
        "translation": [
            -0.7180942449926043,
            0.5119291081446332,
            2.012251922278187
        ],
        "scale": 1.0252340173437027,
        "joint_pt_gt": [
            -0.3281701543410114,
            -0.1418135189034625,
            1.601268396598857
        ],
        "joint_axis_gt": [
            -0.7430379986763,
            -0.11231667548418045,
            0.6597571969032288
        ]
    },
    "46544_3_0": {
        "joint_pt": [
            -0.3068595038446398,
            -0.002003042805871158,
            2.024977787699277
        ],
        "joint_axis": [
            -0.23054239729565745,
            -0.046015513062540814,
            0.9719736565602732
        ],
        "rotation": [
            [
                0.23060317549791423,
                0.9729455791235536,
                -0.014109412256045895
            ],
            [
                0.046112388154888495,
                -0.025410985167591993,
                -0.9986130028652067
            ],
            [
                -0.9719546404585613,
                0.22963271085963627,
                -0.05072469807030522
            ]
        ],
        "translation": [
            -0.5953045606528347,
            0.5300870511160706,
            2.111759638411085
        ],
        "scale": 0.9966400584370746,
        "joint_pt_gt": [
            -0.1010392126298379,
            -0.24244543802421337,
            1.5217386315980512
        ],
        "joint_axis_gt": [
            -0.20025645196437836,
            -0.03429165855050087,
            0.9791432023048401
        ]
    },
    "46462_0_0": {
        "joint_pt": [
            -0.11396000056673875,
            -0.2852715201077025,
            1.7788639730736346
        ],
        "joint_axis": [
            0.7321451174406999,
            -0.08181297570075952,
            0.6762175475865524
        ],
        "rotation": [
            [
                -0.7321138588234686,
                0.6811199261353227,
                -0.009216503676719279
            ],
            [
                0.08189092898705813,
                0.07457377766172985,
                -0.9938473863903328
            ],
            [
                -0.6762419489119607,
                -0.7283641931799445,
                -0.11037403963379044
            ]
        ],
        "translation": [
            0.029953504540870975,
            0.4615442656098919,
            2.5753916849541043
        ],
        "scale": 0.9908929322471165,
        "joint_pt_gt": [
            -0.08713566526089317,
            -0.2524488017696799,
            1.7806535006912934
        ],
        "joint_axis_gt": [
            0.7265564203262329,
            -0.07180996239185333,
            0.6833440661430359
        ]
    },
    "44853_3_4": {
        "joint_pt": [
            -0.15555281643538083,
            -0.27785700569445493,
            1.7960766983050693
        ],
        "joint_axis": [
            0.6371296597591087,
            0.1013413457011911,
            0.7640652707677221
        ],
        "rotation": [
            [
                -0.6370895852582454,
                0.7707666084196524,
                -0.00597458791401595
            ],
            [
                -0.10126285409732483,
                -0.09137949049079962,
                -0.9906541389898419
            ],
            [
                -0.7641090856255669,
                -0.6305304307191743,
                0.13626694830938257
            ]
        ],
        "translation": [
            -0.06291756892718206,
            0.631913265186911,
            2.4382182064761486
        ],
        "scale": 0.9859266175794205,
        "joint_pt_gt": [
            -0.33934500949383684,
            0.019686599429017293,
            1.3341255944849928
        ],
        "joint_axis_gt": [
            0.646535336971283,
            0.09929274022579193,
            0.7563947439193726
        ]
    },
    "47296_0_4": {
        "joint_pt": [
            -0.02160391039722126,
            0.3376921426151376,
            1.9284305561094912
        ],
        "joint_axis": [
            0.18634441326474466,
            0.7241861428919066,
            0.663950452047312
        ],
        "rotation": [
            [
                -0.18628535543085312,
                0.9824542484625535,
                -0.009023083169280188
            ],
            [
                -0.7241300214395302,
                -0.14349931611611294,
                -0.6745692390883187
            ],
            [
                -0.6640282210885213,
                -0.11912848505746615,
                0.7381564371093209
            ]
        ],
        "translation": [
            -0.39260135637283394,
            0.8434992665447361,
            1.656538526288577
        ],
        "scale": 1.0109008748060782,
        "joint_pt_gt": [
            -0.014005290955582061,
            0.3082797988680346,
            1.952084573972702
        ],
        "joint_axis_gt": [
            0.19976244866847992,
            0.7242304682731628,
            0.6599887609481812
        ]
    },
    "48517_12_0": {
        "joint_pt": [
            0.15555565194154147,
            -0.2497098484773641,
            1.7692248427709014
        ],
        "joint_axis": [
            0.3852936980905878,
            0.7520484855646763,
            0.5347633642074542
        ],
        "rotation": [
            [
                -0.3852369028038079,
                0.9227462978393859,
                0.011480354604161525
            ],
            [
                -0.7520088727823364,
                -0.3066967586177792,
                -0.5834550141270429
            ],
            [
                -0.5348599666966762,
                -0.23340173109267087,
                0.812064312692151
            ]
        ],
        "translation": [
            -0.2650020109041341,
            0.8505274899020281,
            1.59473344406546
        ],
        "scale": 1.0080147200974354,
        "joint_pt_gt": [
            0.17206375634849658,
            -0.2848253629145101,
            1.7542825489646265
        ],
        "joint_axis_gt": [
            0.41044747829437256,
            0.7419243454933167,
            0.5301708579063416
        ]
    },
    "48876_12_3": {
        "joint_pt": [
            -0.05756029170213063,
            -0.22059250718531365,
            1.5184691576919016
        ],
        "joint_axis": [
            0.7950886985028864,
            0.4433316475213223,
            0.41387319897490915
        ],
        "rotation": [
            [
                -0.7950535932630277,
                0.6063699951483552,
                0.014325251248453214
            ],
            [
                -0.44329819419061384,
                -0.5647948490641127,
                -0.6960556655167649
            ],
            [
                -0.4139764424057103,
                -0.5597519159899584,
                0.7178448980655094
            ]
        ],
        "translation": [
            0.08663849779440931,
            0.8916747672570995,
            1.4854866481523983
        ],
        "scale": 1.0036260517329498,
        "joint_pt_gt": [
            -0.04821227976836817,
            -0.20674041555910705,
            1.5078247396865698
        ],
        "joint_axis_gt": [
            0.7958574891090393,
            0.42883336544036865,
            0.42744919657707214
        ]
    },
    "48491_3_1": {
        "joint_pt": [
            -0.14412413001219537,
            -0.22830743488026306,
            1.337842011829661
        ],
        "joint_axis": [
            -0.016622519351962937,
            0.6335907254793629,
            0.7734898139503142
        ],
        "rotation": [
            [
                0.016667544408456414,
                0.9998378907034207,
                0.006810673764552022
            ],
            [
                -0.6335312286303842,
                0.01583040795514823,
                -0.773555156749698
            ],
            [
                -0.7735375720115141,
                0.008578490409658635,
                0.6336923813561461
            ]
        ],
        "translation": [
            -0.5201297220862524,
            0.7283759229028886,
            1.4118481405621233
        ],
        "scale": 1.0172011501696707,
        "joint_pt_gt": [
            -0.14203893470337242,
            -0.2552998667159283,
            1.354208544337529
        ],
        "joint_axis_gt": [
            -0.024447346106171608,
            0.666096568107605,
            0.7454647421836853
        ]
    },
    "48010_3_2": {
        "joint_pt": [
            -0.13629768865873126,
            -0.19414738896549055,
            1.927364158906228
        ],
        "joint_axis": [
            0.3314640253383731,
            0.6734091529632286,
            0.6607962784767425
        ],
        "rotation": [
            [
                -0.3314160867970826,
                0.9432677205739154,
                -0.02023325815084137
            ],
            [
                -0.6733648938082831,
                -0.25149857239310763,
                -0.6952180865532689
            ],
            [
                -0.6608654153446587,
                -0.21678209198990295,
                0.7185140411946123
            ]
        ],
        "translation": [
            -0.30230293274743547,
            0.8397152956502576,
            1.7405104125463766
        ],
        "scale": 1.0109626668852303,
        "joint_pt_gt": [
            -0.1129435656837672,
            -0.16253042158533781,
            1.9766520258466593
        ],
        "joint_axis_gt": [
            0.3269883394241333,
            0.7117716073989868,
            0.6216589212417603
        ]
    },
    "45135_3_0": {
        "joint_pt": [
            0.08202293622738155,
            -0.014092594170241224,
            1.529900858842188
        ],
        "joint_axis": [
            -0.49778138871690286,
            0.1668961321607317,
            0.8510930511512661
        ],
        "rotation": [
            [
                0.49783069931701057,
                0.8672534038468045,
                -0.006010684958279
            ],
            [
                -0.1668009172020346,
                0.08894320861814681,
                -0.9819707529561503
            ],
            [
                -0.8510828683730487,
                0.48985777441706513,
                0.18893732295410431
            ]
        ],
        "translation": [
            -0.6783013741839434,
            0.5579744359199064,
            2.0916382457778777
        ],
        "scale": 1.001415075478349,
        "joint_pt_gt": [
            0.12624333028068224,
            0.018968469048334047,
            1.5694107939780484
        ],
        "joint_axis_gt": [
            -0.49605032801628113,
            0.16358798742294312,
            0.8527444005012512
        ]
    },
    "48740_9_2": {
        "joint_pt": [
            -0.12618820086723004,
            -0.19105500572957207,
            1.5860118981820892
        ],
        "joint_axis": [
            -0.3320179997208069,
            -0.3033427466160755,
            0.8931669682706393
        ],
        "rotation": [
            [
                0.33205767178375656,
                0.9430455106248012,
                0.020071559479981294
            ],
            [
                0.3034085008111222,
                -0.08663732684099601,
                -0.948913723809174
            ],
            [
                -0.8931298809496286,
                0.3211839636224914,
                -0.31489661361571974
            ]
        ],
        "translation": [
            -0.6413986291296765,
            0.3896403295058705,
            2.2324216631313893
        ],
        "scale": 0.987993945348375,
        "joint_pt_gt": [
            -0.12043753616632569,
            -0.19535131043100118,
            1.5918263408775193
        ],
        "joint_axis_gt": [
            -0.3339826762676239,
            -0.31591251492500305,
            0.8880624175071716
        ]
    },
    "47711_9_1": {
        "joint_pt": [
            -0.2480796344996823,
            -0.1897429256447607,
            1.632735199737923
        ],
        "joint_axis": [
            -0.04927524011343148,
            0.011786238179183095,
            0.9987156966394055
        ],
        "rotation": [
            [
                0.049338523921957866,
                0.9572317766622418,
                -0.2850842608865843
            ],
            [
                -0.011727913353892783,
                -0.2848569640208431,
                -0.9584982869557938
            ],
            [
                -0.9987132551966884,
                0.05063433417036045,
                -0.002828090797391103
            ]
        ],
        "translation": [
            -0.4210418151831691,
            0.8011009515169878,
            2.267553013191969
        ],
        "scale": 1.1013043358451493,
        "joint_pt_gt": [
            -0.24033252212898937,
            0.3231742106957709,
            1.7818327555760365
        ],
        "joint_axis_gt": [
            0.11867319047451019,
            -0.41297170519828796,
            0.9029789566993713
        ]
    },
    "48876_9_0": {
        "joint_pt": [
            -0.09988964392279681,
            -0.2364946494359409,
            1.6415242015572304
        ],
        "joint_axis": [
            -0.10514524693289805,
            0.015394779460046889,
            0.9943377114795924
        ],
        "rotation": [
            [
                0.1051859763022148,
                0.9944094733803728,
                0.009257950135941273
            ],
            [
                -0.015324150665421865,
                0.01092929631220313,
                -0.9998228447522607
            ],
            [
                -0.9943344914040411,
                0.10502547183178812,
                0.016388089296098862
            ]
        ],
        "translation": [
            -0.5418359949801449,
            0.5455475190793304,
            2.157160081852017
        ],
        "scale": 0.974626035421816,
        "joint_pt_gt": [
            -0.09965934197251586,
            -0.2374424196080137,
            1.6455555988812103
        ],
        "joint_axis_gt": [
            -0.1105588898062706,
            0.0030426247976720333,
            0.993864893913269
        ]
    },
    "46130_0_2": {
        "joint_pt": [
