{
    "48517_9_1": {
        "joint_pt": [
            [
                -0.08638705076556541,
                -0.28088390092473753,
                1.551587508198981
            ]
        ],
        "joint_axis": [
            [
                -0.6198692815004857,
                0.43259401802034025,
                0.6546942021009279
            ]
        ],
        "transform": [
            [
                0.6147189140319824,
                0.7887462377548218,
                -7.667724788440466e-10,
                -0.7117952704429626
            ],
            [
                -0.43234971165657043,
                0.33695700764656067,
                -0.8363813161849976,
                0.49321338534355164
            ],
            [
                -0.6596925854682922,
                0.5141394138336182,
                0.5481480360031128,
                1.3110566139221191
            ],
            [
                0.0,
                0.0,
                0.0,
                1.0
            ]
        ],
        "scale": [
            1.0000000450964524,
            1.0000000450964524,
            1.0000000450964524
        ],
        "joint_pt_gt": [
            [
                -0.05992422445581347,
                -0.29494671209221146,
                1.5284604931752526
            ]
        ],
        "joint_axis_gt": [
            [
                -0.6147189140319824,
                0.43234971165657043,
                0.6596925854682922
            ]
        ]
    },
    "40453_12_2": {
        "joint_pt": [
            [
                -0.11270968657378899,
                -0.23177275297602973,
                2.2682040541036748
            ]
        ],
        "joint_axis": [
            [
                0.09763862419987067,
                0.8692630757873385,
                0.48461161280729675
            ]
        ],
        "transform": [
            [
                -0.09593725949525833,
                0.9953873753547668,
                -9.989611360339268e-10,
                -0.4502120614051819
            ],
            [
                -0.8716405034065247,
                -0.08401031047105789,
                -0.4828924536705017,
                0.7159510254859924
            ],
            [
                -0.48066505789756775,
                -0.0463273786008358,
                0.8756796717643738,
                1.9429311752319336
            ],
            [
                0.0,
                0.0,
                0.0,
                1.0
            ]
        ],
        "scale": [
            1.0000002186141328,
            1.0000002186141328,
            1.0000002186141328
        ],
        "joint_pt_gt": [
            [
                -0.38580344045734727,
                -0.10706827042317169,
                2.2593941175571706
            ]
        ],
        "joint_axis_gt": [
            [
                0.09593725949525833,
                0.8716405034065247,
                0.48066505789756775
            ]
        ]
    },
    "46641_9_0": {
        "joint_pt": [
            [
                -0.02756134553569034,
                -0.26338712541851006,
                1.0916402591614847
            ]
        ],
        "joint_axis": [
            [
                -0.7202605527116425,
                0.16353634784311058,
                0.6741517692314736
            ]
        ],
        "transform": [
            [
                0.7535838484764099,
                0.6573517918586731,
                4.021781796481605e-10,
                -0.7044320702552795
            ],
            [
                -0.1480041742324829,
                0.16967102885246277,
                -0.9743236303329468,
                0.5270817875862122
            ],
            [
                -0.6404733657836914,
                0.7342345714569092,
                0.2251521646976471,
                1.1092685461044312
            ],
            [
                0.0,
                0.0,
                0.0,
                1.0
            ]
        ],
        "scale": [
            0.9999997586434143,
            0.9999997586434143,
            0.9999997586434143
        ],
        "joint_pt_gt": [
            [
                -0.012201467705987401,
                -0.27654410439711385,
                1.1067423577054898
            ]
        ],
        "joint_axis_gt": [
            [
                -0.7535838484764099,
                0.1480041742324829,
                0.6404733657836914
            ]
        ]
    },
    "48517_6_0": {
        "joint_pt": [
            [
                -0.0688247813847657,
                -0.20656804372924042,
                1.8770781804872134
            ]
        ],
        "joint_axis": [
            [
                0.3621646181856767,
                0.7605835799658035,
                0.5388408059169929
            ]
        ],
        "transform": [
            [
                -0.41044747829437256,
                0.9118842482566833,
                -2.777851282331767e-09,
                -0.24399948120117188
            ],
            [
                -0.7419243454933167,
                -0.33394697308540344,
                -0.5814014673233032,
                0.8548575639724731
            ],
            [
                -0.5301708579063416,
                -0.23863478004932404,
                0.8136168122291565,
                1.6058175563812256
            ],
            [
                0.0,
                0.0,
                0.0,
                1.0
            ]
        ],
        "scale": [
            1.000000402521307,
            1.000000402521307,
            1.000000402521307
        ],
        "joint_pt_gt": [
            [
                -0.0770606982467224,
                -0.19337665983334973,
                1.8194062560668276
            ]
        ],
        "joint_axis_gt": [
            [
                0.41044747829437256,
                0.7419243454933167,
                0.5301708579063416
            ]
        ]
    },
    "45290_6_2": {
        "joint_pt": [
            [
                0.03354655600496548,
                -0.24418124272895292,
                1.8856156671198474
            ]
        ],
        "joint_axis": [
            [
                0.4047633885027343,
                0.7843250300247935,
                0.4701072911722089
            ]
        ],
        "transform": [
            [
                -0.3807933032512665,
                0.9246602058410645,
                -9.105014520116583e-10,
                -0.26479753851890564
            ],
            [
                -0.7913227677345276,
                -0.32588234543800354,
                -0.5173093676567078,
                0.8631714582443237
            ],
            [
                -0.4783353805541992,
                -0.19698795676231384,
                0.8557984828948975,
                1.6579961776733398
            ],
            [
                0.0,
                0.0,
                0.0,
                1.0
            ]
        ],
        "scale": [
            0.999999937714753,
            0.999999937714753,
            0.999999937714753
        ],
        "joint_pt_gt": [
            [
                0.03849304394008107,
                -0.2338585738889314,
                1.8519104368705281
            ]
        ],
        "joint_axis_gt": [
            [
                0.3807933032512665,
                0.7913227677345276,
                0.4783353805541992
            ]
        ]
    },
    "46334_3_4": {
        "joint_pt": [
            [
                -0.22630395059856068,
                -0.23344924425031277,
                1.826544702810273
            ]
        ],
        "joint_axis": [
            [
                -0.1071139616104419,
                0.7121322826438058,
                0.6938257821793825
            ]
        ],
        "transform": [
            [
                0.11865612864494324,
                0.9929354190826416,
                -1.2621842460092125e-10,
                -0.558592677116394
            ],
            [
                -0.7341470718383789,
                0.08773083239793777,
                -0.6732988357543945,
                0.7423124313354492
            ],
            [
                -0.6685422658920288,
                0.07989103347063065,
                0.7393704652786255,
                1.7828525304794312
            ],
            [
                0.0,
                0.0,
                0.0,
                1.0
            ]
        ],
        "scale": [
            0.9999999353528595,
            0.9999999353528595,
            0.9999999353528595
        ],
        "joint_pt_gt": [
            [
                -0.24011791966879625,
                -0.20752073382015834,
                1.8658097652894585
            ]
        ],
        "joint_axis_gt": [
            [
                -0.11865612864494324,
                0.7341470718383789,
                0.6685422658920288
            ]
        ]
    },
    "47438_3_1": {
        "joint_pt": [
            [
                -0.13874659693474214,
                -0.12381073502683926,
                1.7833522174697771
            ]
        ],
        "joint_axis": [
            [
                0.5710583588276041,
                0.742512105859029,
                0.3500973165392536
            ]
        ],
        "transform": [
            [
                -0.5822460651397705,
                0.8130126595497131,
                1.403970273372579e-09,
                -0.10772591829299927
            ],
            [
                -0.7406976819038391,
                -0.530457079410553,
                -0.412289023399353,
                0.8622266054153442
            ],
            [
                -0.3351961672306061,
                -0.24005363881587982,
                0.9110531210899353,
                1.3263397216796875
            ],
            [
                0.0,
                0.0,
                0.0,
                1.0
            ]
        ],
        "scale": [
            0.9999999964651118,
            0.9999999964651118,
            0.9999999964651118
        ],
        "joint_pt_gt": [
            [
                -0.12006566661388313,
                -0.11380188561682536,
                1.80163961316287
            ]
        ],
        "joint_axis_gt": [
            [
                0.5822460651397705,
                0.7406976819038391,
                0.3351961672306061
            ]
        ]
    },
    "46544_9_0": {
        "joint_pt": [
            [
                -0.30522977580682614,
                0.046968411032415724,
                2.012023608011959
            ]
        ],
        "joint_axis": [
            [
                -0.19174027083863956,
                -0.017053018500401935,
                0.9812975481713198
            ]
        ],
        "transform": [
            [
                0.20025645196437836,
                0.9797435402870178,
                4.13104261909325e-09,
                -0.5934205055236816
            ],
            [
                0.03429165855050087,
                -0.007009101565927267,
                -0.999387264251709,
                0.5170310139656067
            ],
            [
                -0.9791432023048401,
                0.20013375580310822,
                -0.035000648349523544,
                2.126394033432007
            ],
            [
                0.0,
                0.0,
                0.0,
                1.0
            ]
        ],
        "scale": [
            1.0000002593070743,
            1.0000002593070743,
            1.0000002593070743
        ],
        "joint_pt_gt": [
            [
                -0.09362630803869681,
                -0.22297219148847303,
                1.5266900289056418
            ]
        ],
        "joint_axis_gt": [
            [
                -0.20025645196437836,
                -0.03429165855050087,
                0.9791432023048401
            ]
        ]
    },
    "45290_9_1": {
        "joint_pt": [
            [
                -0.13696557928998257,
                -0.24345463104845655,
                1.48371897195372
            ]
        ],
        "joint_axis": [
            [
                0.29509194445596804,
                0.6938461632669817,
                0.6568852713004495
            ]
        ],
        "transform": [
            [
                -0.33118319511413574,
                0.9435665011405945,
                3.041980889406659e-09,
                -0.2999851107597351
            ],
            [
                -0.6786702871322632,
                -0.23820705711841583,
                -0.6947402954101562,
                0.8602737188339233
            ],
            [
                -0.6555336713790894,
                -0.2300863116979599,
                0.7192606925964355,
                1.407592535018921
            ],
            [
                0.0,
                0.0,
                0.0,
                1.0
            ]
        ],
        "scale": [
            0.9999996071161625,
            0.9999996071161625,
            0.9999996071161625
        ],
        "joint_pt_gt": [
            [
                -0.1326105529395131,
                -0.2515149340428202,
                1.4662505717022332
            ]
        ],
        "joint_axis_gt": [
            [
                0.33118319511413574,
                0.6786702871322632,
                0.6555336713790894
            ]
        ]
    },
    "46653_12_1": {
        "joint_pt": [
            [
                -0.09686876543276718,
                -0.3759414187142551,
                1.5675838193301452
            ]
        ],
        "joint_axis": [
            [
                0.07655268698030614,
                0.3003169655356102,
                0.9507625439548832
            ]
        ],
        "transform": [
            [
                -0.07820737361907959,
                0.996937096118927,
                -1.1292290658104776e-08,
                -0.45813044905662537
            ],
            [
                -0.17044658958911896,
                -0.013371145352721214,
                -0.9852761626243591,
                0.5833765864372253
            ],
            [
                -0.9822583794593811,
                -0.07705585658550262,
                0.17097026109695435,
                1.9957834482192993
            ],
            [
                0.0,
                0.0,
                0.0,
                1.0
            ]
        ],
        "scale": [
            1.000000040008951,
            1.000000040008951,
            1.000000040008951
        ],
        "joint_pt_gt": [
            [
                -0.103052089139623,
                -0.3697391945053746,
                1.5104938461571362
            ]
        ],
        "joint_axis_gt": [
            [
                0.07820737361907959,
                0.17044658958911896,
                0.9822583794593811
            ]
        ]
    },
    "44962_0_2": {
        "joint_pt": [
            [
                -0.29652435166983676,
                -0.01282695735684014,
                2.162795662954511
            ]
        ],
        "joint_axis": [
            [
                -0.19155311489697285,
                -0.1467397061851312,
                0.9704508632984077
            ]
        ],
        "transform": [
            [
                0.1911693811416626,
                0.9815570712089539,
                9.884510987490103e-10,
                -0.5927419066429138
            ],
            [
                0.15578684210777283,
                -0.0303412526845932,
                -0.987324595451355,
                0.4693243205547333
            ],
            [
                -0.9691154360771179,
                0.18874622881412506,
                -0.15871399641036987,
                2.346220016479492
            ],
            [
                0.0,
                0.0,
                0.0,
                1.0
            ]
        ],
        "scale": [
            0.9999998687677261,
            0.9999998687677261,
            0.9999998687677261
        ],
        "joint_pt_gt": [
            [
                -0.30900685435658937,
                0.004917542698332944,
                2.16135457100128
            ]
        ],
        "joint_axis_gt": [
            [
                -0.1911693811416626,
                -0.15578684210777283,
                0.9691154360771179
            ]
        ]
    },
    "47233_9_1": {
        "joint_pt": [
            [
                -0.064089357867462,
                -0.038718824019852605,
                1.5902866318401847
            ]
        ],
        "joint_axis": [
            [
                0.10191145597289533,
                0.7472903781905527,
                0.6566362462928242
            ]
        ],
        "transform": [
            [
                -0.08750291913747787,
                0.9961642622947693,
                1.2256518022724094e-09,
                -0.4522378444671631
            ],
            [
                -0.7527353763580322,
                -0.06612016260623932,
                -0.6549943089485168,
                0.782265841960907
            ],
            [
                -0.6524819135665894,
                -0.05731391906738281,
                0.7556338310241699,
                1.651867151260376
            ],
            [
                0.0,
                0.0,
                0.0,
                1.0
            ]
        ],
        "scale": [
            1.0000001206823514,
            1.0000001206823514,
            1.0000001206823514
        ],
        "joint_pt_gt": [
            [
                -0.060908629712502826,
                -0.22649465743121366,
                1.8393953379101045
            ]
        ],
        "joint_axis_gt": [
            [
                0.08750291913747787,
                0.7527353763580322,
                0.6524819135665894
            ]
        ]
    },
    "46641_3_2": {
        "joint_pt": [
            [
                -0.07762744262807231,
                -0.22148123104208323,
                1.6493721229381113
            ]
        ],
        "joint_axis": [
            [
                -0.09997060858612476,
                -0.1185190583713901,
                0.9879064315767111
            ]
        ],
        "transform": [
            [
                0.09876512736082077,
                0.9951107501983643,
                -1.0947381667847367e-08,
                -0.5468021631240845
            ],
            [
                0.11192241311073303,
                -0.011108353734016418,
                -0.9936548471450806,
                0.49854254722595215
            ],
            [
                -0.9887966513633728,
                0.09813844412565231,
                -0.11247231811285019,
                2.3415415287017822
            ],
            [
                0.0,
                0.0,
                0.0,
                1.0
            ]
        ],
        "scale": [
            1.0000000033593008,
            1.0000000033593008,
            1.0000000033593008
        ],
        "joint_pt_gt": [
            [
                -0.08087692805830055,
                -0.2157918697798401,
                1.6580048630976756
            ]
        ],
        "joint_axis_gt": [
            [
                -0.09876512736082077,
                -0.11192241311073303,
                0.9887966513633728
            ]
        ]
    },
    "48010_9_0": {
        "joint_pt": [
            [
                -0.1091555618273386,
                -0.2896955784208478,
                1.9297785867945243
            ]
        ],
        "joint_axis": [
            [
                0.09531571292962618,
                0.6403747338952809,
                0.7621254007879359
            ]
        ],
        "transform": [
            [
                -0.09796000272035599,
                0.9951903820037842,
                -3.5083849159178726e-09,
                -0.4476332366466522
            ],
            [
                -0.6285165548324585,
                -0.06186704337596893,
                -0.7753317952156067,
                0.7728545069694519
            ],
            [
                -0.7716027498245239,
                -0.07595150172710419,
                0.631554126739502,
                1.9516444206237793
            ],
            [
                0.0,
                0.0,
                0.0,
                1.0
            ]
        ],
        "scale": [
            0.9999996780308825,
            0.9999996780308825,
            0.9999996780308825
        ],
        "joint_pt_gt": [
            [
                -0.11560628594136119,
                -0.26908061325506183,
                1.9064253434023941
            ]
        ],
        "joint_axis_gt": [
            [
                0.09796000272035599,
                0.6285165548324585,
                0.7716027498245239
            ]
        ]
    },
    "46537_0_0": {
        "joint_pt": [
            [
                -0.10084436361170773,
                -0.2167619819035349,
                1.9369976450514155
            ]
        ],
        "joint_axis": [
            [
                0.1404819862914778,
                0.8025057245123735,
                0.579870142298281
            ]
        ],
        "transform": [
            [
                -0.14170093834400177,
                0.9899095296859741,
                1.0580718939889877e-10,
                -0.42026931047439575
            ],
            [
                -0.8183917999267578,
                -0.1171489804983139,
                -0.5625931024551392,
                0.7946979999542236
            ],
            [
                -0.5569162368774414,
                -0.07971996814012527,
                0.8267339468002319,
                1.6748610734939575
            ],
            [
                0.0,
                0.0,
                0.0,
                1.0
            ]
        ],
        "scale": [
            0.9999999526996719,
            0.9999999526996719,
            0.9999999526996719
        ],
        "joint_pt_gt": [
            [
                -0.10211725917313397,
                0.0006894776576704675,
                1.6676018391308058
            ]
        ],
        "joint_axis_gt": [
            [
                0.14170093834400177,
                0.8183917999267578,
                0.5569162368774414
            ]
        ]
    },
    "45135_9_1": {
        "joint_pt": [
            [
                -0.07074092206468746,
                -0.306903073227738,
                1.031778901173542
            ]
        ],
        "joint_axis": [
            [
                -0.036070614865553755,
                0.7424904153398062,
                0.6688848201340705
            ]
        ],
        "transform": [
            [
                0.07081937044858932,
                0.9974891543388367,
                2.4085178296218146e-10,
                -0.5349752306938171
            ],
            [
                -0.6882734894752502,
                0.04886578768491745,
                -0.7238036394119263,
                0.7175950407981873
            ],
            [
                -0.7219862937927246,
                0.05125931650400162,
                0.6900060176849365,
                1.3169536590576172
            ],
            [
                0.0,
                0.0,
                0.0,
                1.0
            ]
        ],
        "scale": [
            1.0000001483395264,
            1.0000001483395264,
            1.0000001483395264
        ],
        "joint_pt_gt": [
            [
                -0.04691148095743369,
                -0.2657763388269906,
                0.9981704134939806
            ]
        ],
        "joint_axis_gt": [
            [
                -0.07081937044858932,
                0.6882734894752502,
                0.7219862937927246
            ]
        ]
    },
    "47183_3_3": {
        "joint_pt": [
            [
                -0.04070494935707292,
                -0.2820607621167573,
                1.5072118245825403
            ]
        ],
        "joint_axis": [
            [
                -0.6587462784800793,
                0.5117050459792665,
                0.551553529408438
            ]
        ],
        "transform": [
            [
                0.6784914135932922,
                0.7346083521842957,
                2.334900939260365e-09,
                -0.7213086485862732
            ],
            [
                -0.49753013253211975,
                0.45952364802360535,
                -0.7357321381568909,
                0.4208386242389679
            ],
            [
                -0.5404750108718872,
                0.4991879165172577,
                0.677272617816925,
                1.1330018043518066
            ],
            [
                0.0,
                0.0,
                0.0,
                1.0
            ]
        ],
        "scale": [
            0.9999998853298812,
            0.9999998853298812,
            0.9999998853298812
        ],
        "joint_pt_gt": [
            [
                -0.0514858732162331,
                -0.27468618434170133,
                1.4984375647172268
            ]
        ],
        "joint_axis_gt": [
            [
                -0.6784914135932922,
                0.49753013253211975,
                0.5404750108718872
            ]
        ]
    },
    "47178_3_3": {
        "joint_pt": [
            [
                -0.0928085322468023,
                -0.1990955688802163,
                2.1622754641860684
            ]
        ],
        "joint_axis": [
            [
                0.21607305754867037,
                0.6073340701848275,
                0.7644983766710204
            ]
        ],
        "transform": [
            [
                -0.19760280847549438,
                0.980282187461853,
                1.011712824627864e-09,
                -0.3905312418937683
            ],
            [
                -0.5973079800605774,
                -0.12040384113788605,
                -0.7929224967956543,
                0.7616196870803833
            ],
            [
                -0.7772877812385559,
                -0.15668371319770813,
                0.6093225479125977,
                2.099698305130005
            ],
            [
                0.0,
                0.0,
                0.0,
                1.0
            ]
        ],
        "scale": [
            0.9999998525526237,
            0.9999998525526237,
            0.9999998525526237
        ],
        "joint_pt_gt": [
            [
                -0.09787309927531146,
                -0.16001240177832754,
                2.1440405751617044
            ]
        ],
        "joint_axis_gt": [
            [
                0.19760280847549438,
                0.5973079800605774,
                0.7772877812385559
            ]
        ]
    },
    "47233_6_4": {
        "joint_pt": [
            [
                0.05463466613031451,
                -0.3062873874796782,
                1.9826822511611877
            ]
        ],
        "joint_axis": [
            [
                0.553789088381438,
                0.6391842405493323,
                0.5336301776664223
            ]
        ],
        "transform": [
            [
                -0.5499666333198547,
                0.8351866006851196,
                4.922071639157366e-09,
                -0.12945692241191864
            ],
            [
                -0.6273071765899658,
                -0.4130789339542389,
                -0.6601905226707458,
                0.8928463459014893
            ],
            [
                -0.551382303237915,
                -0.36308276653289795,
                0.7510981559753418,
                1.9005366563796997
            ],
            [
                0.0,
                0.0,
                0.0,
                1.0
            ]
        ],
        "scale": [
            1.0000000546895287,
            1.0000000546895287,
            1.0000000546895287
        ],
        "joint_pt_gt": [
            [
                0.06528666779602713,
                -0.30118226643008983,
                1.9724862307109365
            ]
        ],
        "joint_axis_gt": [
            [
                0.5499666333198547,
                0.6273071765899658,
                0.551382303237915
            ]
        ]
    },
    "48253_6_3": {
        "joint_pt": [
            [
                -0.07453543068841945,
                -0.25558268623707114,
                1.5902799926034308
            ]
        ],
        "joint_axis": [
            [
                0.09256631264461604,
                0.2110855221671792,
                0.9730747076768923
            ]
        ],
        "transform": [
            [
                -0.08479434996843338,
                0.9963984489440918,
                7.548952574154555e-10,
                -0.45315250754356384
            ],
            [
                -0.21014432609081268,
                -0.017883459106087685,
                -0.9775068163871765,
                0.6316642761230469
            ],
            [
                -0.9739862680435181,
                -0.08288705348968506,
                0.21090391278266907,
                2.0737075805664062
            ],
            [
                0.0,
                0.0,
                0.0,
                1.0
            ]
        ],
        "scale": [
            1.0000001582581555,
            1.0000001582581555,
            1.0000001582581555
        ],
        "joint_pt_gt": [
            [
                -0.074939478402684,
                -0.23341552361903484,
                1.5997900622803687
            ]
        ],
        "joint_axis_gt": [
            [
                0.08479434996843338,
                0.21014432609081268,
                0.9739862680435181
            ]
        ]
    },
    "46230_0_3": {
        "joint_pt": [
            [
                -0.06599843822350715,
                -0.2073404928827472,
                1.3811550872885854
            ]
        ],
        "joint_axis": [
            [
                -0.28799285904026367,
                -0.304908842983188,
                0.9077944246469085
            ]
        ],
        "transform": [
            [
                0.2867388427257538,
                0.9580087661743164,
                2.9120137412519398e-09,
                -0.6298832893371582
            ],
            [
                0.2913065254688263,
                -0.08719010651111603,
                -0.9526481032371521,
                0.3724046051502228
            ],
            [
                -0.9126452803611755,
                0.2731612026691437,
                -0.3040750026702881,
                2.1573233604431152
            ],
            [
                0.0,
                0.0,
                0.0,
                1.0
            ]
        ],
        "scale": [
            0.9999996311569188,
            0.9999996311569188,
            0.9999996311569188
        ],
        "joint_pt_gt": [
            [
                -0.06825425956472608,
                -0.19558360746956105,
                1.4058322103215697
            ]
        ],
        "joint_axis_gt": [
            [
                -0.2867388427257538,
                -0.2913065254688263,
                0.9126452803611755
            ]
        ]
    },
    "40453_6_0": {
        "joint_pt": [
            [
                -0.18483627300572458,
                -0.2504024979517977,
                1.7525559347114548
            ]
        ],
        "joint_axis": [
            [
                -0.7510863607377024,
                -0.10709577760012125,
                0.6514597293286831
            ]
        ],
        "transform": [
            [
                0.7430379986763,
                0.6692492365837097,
                2.3328783349541027e-10,
                -0.7023738622665405
            ],
            [
                0.11231667548418045,
                -0.12470025569200516,
                -0.9858168363571167,
                0.5019190311431885
            ],
            [
                -0.6597571969032288,
                0.732499361038208,
                -0.1678248792886734,
                2.019577741622925
            ],
            [
                0.0,
                0.0,
                0.0,
                1.0
            ]
        ],
        "scale": [
            1.000000347673926,
            1.000000347673926,
            1.000000347673926
        ],
        "joint_pt_gt": [
            [
                -0.3281701543410114,
                -0.1418135189034625,
                1.601268396598857
            ]
        ],
        "joint_axis_gt": [
            [
                -0.7430379986763,
                -0.11231667548418045,
                0.6597571969032288
            ]
        ]
    },
    "46544_3_0": {
        "joint_pt": [
            [
                -0.3068595038446398,
                -0.002003042805871158,
                2.024977787699277
            ]
        ],
        "joint_axis": [
            [
                -0.23054239729565745,
                -0.046015513062540814,
                0.9719736565602732
            ]
        ],
        "transform": [
            [
                0.20025645196437836,
                0.9797435402870178,
                -6.322903867150842e-10,
                -0.5934202671051025
            ],
            [
                0.03429165855050087,
                -0.00700910622254014,
                -0.999387264251709,
                0.517030656337738
            ],
            [
                -0.9791432023048401,
                0.20013375580310822,
                -0.035000648349523544,
                2.126394033432007
            ],
            [
                0.0,
                0.0,
                0.0,
                1.0
            ]
        ],
        "scale": [
            0.9999999622004352,
            0.9999999622004352,
            0.9999999622004352
        ],
        "joint_pt_gt": [
            [
                -0.1010392126298379,
                -0.24244543802421337,
                1.5217386315980512
            ]
        ],
        "joint_axis_gt": [
            [
                -0.20025645196437836,
                -0.03429165855050087,
                0.9791432023048401
            ]
        ]
    },
    "46462_0_0": {
        "joint_pt": [
            [
                -0.11396000056673875,
                -0.2852715201077025,
                1.7788639730736346
            ]
        ],
        "joint_axis": [
            [
                0.7321451174406999,
                -0.08181297570075952,
                0.6762175475865524
            ]
        ],
        "transform": [
            [
                -0.7265564203262329,
                0.6871068477630615,
                -5.284563897589578e-09,
                0.023353716358542442
            ],
            [
                0.07180996239185333,
                0.07593285292387009,
                -0.9945237636566162,
                0.47323426604270935
            ],
            [
                -0.6833440661430359,
                -0.7225776314735413,
                -0.10451061278581619,
                2.595484495162964
            ],
            [
                0.0,
                0.0,
                0.0,
                1.0
            ]
        ],
        "scale": [
            0.9999997993780816,
            0.9999997993780816,
            0.9999997993780816
        ],
        "joint_pt_gt": [
            [
                -0.08713566526089317,
                -0.2524488017696799,
                1.7806535006912934
            ]
        ],
        "joint_axis_gt": [
            [
                0.7265564203262329,
                -0.07180996239185333,
                0.6833440661430359
            ]
        ]
    },
    "44853_3_4": {
        "joint_pt": [
            [
                -0.15555281643538083,
                -0.27785700569445493,
                1.7960766983050693
            ]
        ],
        "joint_axis": [
            [
                0.6371296597591087,
                0.1013413457011911,
                0.7640652707677221
            ]
        ],
        "transform": [
            [
                -0.646535336971283,
                0.7628840804100037,
                3.99687261065651e-09,
                -0.028797514736652374
            ],
            [
                -0.09929274022579193,
                -0.08414942771196365,
                -0.9914937615394592,
                0.6152079701423645
            ],
            [
                -0.7563947439193726,
                -0.6410357356071472,
                0.13015443086624146,
                2.494547128677368
            ],
            [
                0.0,
                0.0,
                0.0,
                1.0
            ]
        ],
        "scale": [
            0.9999992787690399,
            0.9999992787690399,
            0.9999992787690399
        ],
        "joint_pt_gt": [
            [
                -0.33934500949383684,
                0.019686599429017293,
                1.3341255944849928
            ]
        ],
        "joint_axis_gt": [
            [
                0.646535336971283,
                0.09929274022579193,
                0.7563947439193726
            ]
        ]
    },
    "47296_0_4": {
        "joint_pt": [
            [
                -0.02160391039722126,
                0.3376921426151376,
                1.9284305561094912
            ]
        ],
        "joint_axis": [
            [
                0.18634441326474466,
                0.7241861428919066,
                0.663950452047312
            ]
        ],
        "transform": [
            [
                -0.19976244866847992,
                0.979844331741333,
                5.158841687169513e-10,
                -0.3831574320793152
            ],
            [
                -0.7242304682731628,
                -0.14765003323554993,
                -0.6735649108886719,
                0.8534993529319763
            ],
            [
                -0.6599887609481812,
                -0.1345529705286026,
                0.7391281127929688,
                1.6751412153244019
            ],
            [
                0.0,
                0.0,
                0.0,
                1.0
            ]
        ],
        "scale": [
            1.0000001575983846,
            1.0000001575983846,
            1.0000001575983846
        ],
        "joint_pt_gt": [
            [
                -0.014005290955582061,
                0.3082797988680346,
                1.952084573972702
            ]
        ],
        "joint_axis_gt": [
            [
                0.19976244866847992,
                0.7242304682731628,
                0.6599887609481812
            ]
        ]
    },
    "48517_12_0": {
        "joint_pt": [
            [
                0.15555565194154147,
                -0.2497098484773641,
                1.7692248427709014
            ]
        ],
        "joint_axis": [
            [
                0.3852936980905878,
                0.7520484855646763,
                0.5347633642074542
            ]
        ],
        "transform": [
            [
                -0.41044747829437256,
                0.9118842482566833,
                4.402429532035512e-09,
                -0.24399954080581665
            ],
            [
                -0.7419243454933167,
