{
    "45841_3_0": {
        "joint_pt": [
            [
                -0.10464983879808287,
                -0.12421987825976755,
                1.4975725801924593
            ]
        ],
        "joint_axis": [
            [
                -0.018371068887847,
                0.5952086151006892,
                0.8033611988201759
            ]
        ],
        "transform": [
            [
                0.007648336701095104,
                0.9999707341194153,
                1.0521278293040837e-09,
                -0.5040271282196045
            ],
            [
                -0.5742203593254089,
                0.004391960334032774,
                -0.8186889886856079,
                0.70164555311203
            ],
            [
                -0.8186650276184082,
                0.006261608563363552,
                0.5742371678352356,
                1.4572938680648804
            ],
            [
                0.0,
                0.0,
                0.0,
                1.0
            ]
        ],
        "scale": [
            0.9999997708713612,
            0.9999997708713612,
            0.9999997708713612
        ]
    },
    "46123_7_0": {
        "joint_pt": [
            [
                -0.14577009567768845,
                -0.24255576026398568,
                1.6626474508666722
            ]
        ],
        "joint_axis": [
            [
                0.17916398305130282,
                -0.26003753780747185,
                0.9488312568036489
            ]
        ],
        "transform": [
            [
                -0.20329847931861877,
                0.9791167974472046,
                3.4514648916683655e-09,
                -0.37932151556015015
            ],
            [
                0.28999271988868713,
                0.06021251156926155,
                -0.955132782459259,
                0.31938663125038147
            ],
            [
                -0.9351865649223328,
                -0.19417704641819,
                -0.29617786407470703,
                2.4712271690368652
            ],
            [
                0.0,
                0.0,
                0.0,
                1.0
            ]
        ],
        "scale": [
            1.0000000447104074,
            1.0000000447104074,
            1.0000000447104074
        ]
    },
    "46440_7_0": {
        "joint_pt": [
            [
                -0.10888144230969754,
                -0.3835518944172313,
                1.6127698525242404
            ]
        ],
        "joint_axis": [
            [
                -0.6046754056022289,
                0.5153497437864754,
                0.6072744954765483
            ]
        ],
        "transform": [
            [
                0.5995000600814819,
                0.8003747463226318,
                8.166266551867807e-10,
                -0.7214711904525757
            ],
            [
                -0.5214771032333374,
                0.39059898257255554,
                -0.7586132287979126,
                0.4854160249233246
            ],
            [
                -0.6071748733520508,
                0.4547886550426483,
                0.6515412330627441,
                1.376521110534668
            ],
            [
                0.0,
                0.0,
                0.0,
                1.0
            ]
        ],
        "scale": [
            1.0000003198559895,
            1.0000003198559895,
            1.0000003198559895
        ]
    },
    "46440_11_0": {
        "joint_pt": [
            [
                0.0028709389502717952,
                -0.29910478482075625,
                1.6338952762273504
            ]
        ],
        "joint_axis": [
            [
                -0.6028463566664177,
                0.5150420042634994,
                0.6093504873800113
            ]
        ],
        "transform": [
            [
                0.5995000600814819,
                0.8003747463226318,
                -2.4215589533582715e-09,
                -0.7214709520339966
            ],
            [
                -0.5214771032333374,
                0.39059898257255554,
                -0.7586132287979126,
                0.4854157865047455
            ],
            [
                -0.6071748733520508,
                0.4547886550426483,
                0.6515412330627441,
                1.3765207529067993
            ],
            [
                0.0,
                0.0,
                0.0,
                1.0
            ]
        ],
        "scale": [
            1.000000185097665,
            1.000000185097665,
            1.000000185097665
        ]
    },
    "46123_9_0": {
        "joint_pt": [
            [
                -0.12494877972870255,
                -0.1045728229237427,
                1.5119097169529594
            ]
        ],
        "joint_axis": [
            [
                0.18731747456260753,
                -0.15844675979611966,
                0.9694363280162421
            ]
        ],
        "transform": [
            [
                -0.20329847931861877,
                0.9791167974472046,
                -4.5286232541741356e-09,
                -0.3793216347694397
            ],
            [
                0.28999271988868713,
                0.060212500393390656,
                -0.955132782459259,
                0.31938666105270386
            ],
            [
                -0.9351865649223328,
                -0.19417704641819,
                -0.29617786407470703,
                2.4712274074554443
            ],
            [
                0.0,
                0.0,
                0.0,
                1.0
            ]
        ],
        "scale": [
            0.9999999920295332,
            0.9999999920295332,
            0.9999999920295332
        ]
    },
    "46123_2_0": {
        "joint_pt": [
            [
                -0.07478672173149853,
                -0.19740118020528835,
                1.5617670799605194
            ]
        ],
        "joint_axis": [
            [
                0.17813116700632045,
                -0.22382716698112345,
                0.9582122379581325
            ]
        ],
        "transform": [
            [
                -0.20329847931861877,
                0.9791167974472046,
                2.4243611562724254e-09,
                -0.37932151556015015
            ],
            [
                0.28999271988868713,
                0.06021251156926155,
                -0.955132782459259,
                0.3193863332271576
            ],
            [
                -0.9351865649223328,
                -0.19417704641819,
                -0.29617786407470703,
                2.471226930618286
            ],
            [
                0.0,
                0.0,
                0.0,
                1.0
            ]
        ],
        "scale": [
            1.0000001042448579,
            1.0000001042448579,
            1.0000001042448579
        ]
    },
    "46123_12_0": {
        "joint_pt": [
            [
                -0.07320982652920754,
                -0.2236344457810876,
                1.5714674191032256
            ]
        ],
        "joint_axis": [
            [
                0.25288580644489567,
                -0.10113761742890988,
                0.9621953845140597
            ]
        ],
        "transform": [
            [
                -0.20329847931861877,
                0.9791167974472046,
                -2.5308768414333827e-09,
                -0.37932148575782776
            ],
            [
                0.28999271988868713,
                0.060212504118680954,
                -0.955132782459259,
                0.31938648223876953
            ],
            [
                -0.9351865649223328,
                -0.19417704641819,
                -0.29617786407470703,
                2.4712271690368652
            ],
            [
                0.0,
                0.0,
                0.0,
                1.0
            ]
        ],
        "scale": [
            0.9999996602914851,
            0.9999996602914851,
            0.9999996602914851
        ]
    },
    "46440_8_0": {
        "joint_pt": [
            [
                -0.05773262115482958,
                -0.30613066983971093,
                1.5841854408264862
            ]
        ],
        "joint_axis": [
            [
                -0.5834829659135975,
                0.521064417352147,
                0.6229281777936503
            ]
        ],
        "transform": [
            [
                0.5995000600814819,
                0.8003747463226318,
                -2.500786244752362e-09,
                -0.7214712500572205
            ],
            [
                -0.5214771032333374,
                0.39059898257255554,
                -0.7586132287979126,
                0.48541587591171265
            ],
            [
                -0.6071748733520508,
                0.4547886550426483,
                0.6515412330627441,
                1.3765209913253784
            ],
            [
                0.0,
                0.0,
                0.0,
                1.0
            ]
        ],
        "scale": [
            0.9999999828582237,
            0.9999999828582237,
            0.9999999828582237
        ]
    },
    "46440_0_0": {
        "joint_pt": [
            [
                -0.03284646509305855,
                -0.3159706866976156,
                1.623894971550807
            ]
        ],
        "joint_axis": [
            [
                -0.6066328098072918,
                0.5241601457089157,
                0.5977062755683926
            ]
        ],
        "transform": [
            [
                0.5995000600814819,
                0.8003747463226318,
                -1.5636139050201336e-09,
                -0.7214710712432861
            ],
            [
                -0.5214771628379822,
                0.39059898257255554,
                -0.7586132287979126,
                0.48541590571403503
            ],
            [
                -0.6071748733520508,
                0.4547886550426483,
                0.6515412330627441,
                1.376521110534668
            ],
            [
                0.0,
                0.0,
                0.0,
                1.0
            ]
        ],
        "scale": [
            1.0000002150525475,
            1.0000002150525475,
            1.0000002150525475
        ]
    },
    "46123_3_0": {
        "joint_pt": [
            [
                -0.1594223709795779,
                -0.02367803871623575,
                1.7854250906359568
            ]
        ],
        "joint_axis": [
            [
                -0.03659825066329524,
                0.15123017913475653,
                0.9878208383660484
            ]
        ],
        "transform": [
            [
                -0.20329847931861877,
                0.9791167974472046,
                -2.203949245327408e-09,
                -0.3793216347694397
            ],
            [
                0.28999271988868713,
                0.060212504118680954,
                -0.955132782459259,
                0.3193869888782501
            ],
            [
                -0.9351865649223328,
                -0.19417704641819,
                -0.29617786407470703,
                2.471226930618286
            ],
            [
                0.0,
                0.0,
                0.0,
                1.0
            ]
        ],
        "scale": [
            0.9999999274729162,
            0.9999999274729162,
            0.9999999274729162
        ]
    },
    "45841_0_0": {
        "joint_pt": [
            [
                -0.11165290782417714,
                -0.18965612283730193,
                1.2660614207493595
            ]
        ],
        "joint_axis": [
            [
                -0.003924466227456013,
                0.5578745576380512,
                0.8299160093146798
            ]
        ],
        "transform": [
            [
                0.0076483432203531265,
                0.9999707341194153,
                -1.1342687206150615e-10,
                -0.504027247428894
            ],
            [
                -0.5742203593254089,
                0.004391963128000498,
                -0.8186889886856079,
                0.70164555311203
            ],
            [
                -0.8186650276184082,
                0.006261614616960287,
                0.5742371678352356,
                1.4572938680648804
            ],
            [
                0.0,
                0.0,
                0.0,
                1.0
            ]
        ],
        "scale": [
            1.0000000668950344,
            1.0000000668950344,
            1.0000000668950344
        ]
    },
    "45841_2_0": {
        "joint_pt": [
            [
                -0.12854042698392038,
                -0.12096441666951241,
                1.4645746065475094
            ]
        ],
        "joint_axis": [
            [
                -0.03379268783207424,
                0.5982149185512904,
                0.8006228657522677
            ]
        ],
        "transform": [
            [
                0.007648343686014414,
                0.9999707341194153,
                -4.4708650670521877e-10,
                -0.5040273666381836
            ],
            [
                -0.5742203593254089,
                0.0043919626623392105,
                -0.8186889886856079,
                0.70164555311203
            ],
            [
                -0.8186650276184082,
                0.006261615082621574,
                0.5742371678352356,
                1.4572938680648804
            ],
            [
                0.0,
                0.0,
                0.0,
                1.0
            ]
        ],
        "scale": [
            1.0000001015159021,
            1.0000001015159021,
            1.0000001015159021
        ]
    },
    "46123_1_0": {
        "joint_pt": [
            [
                -0.14820641431708803,
                -0.19083842282895846,
                1.5970106401837867
            ]
        ],
        "joint_axis": [
            [
                -0.09016796133322277,
                -0.27060628457599334,
                0.9584581295469716
            ]
        ],
        "transform": [
            [
                -0.20329847931861877,
                0.9791167974472046,
                -2.065912996229713e-09,
                -0.3793215751647949
            ],
            [
                0.28999271988868713,
                0.060212504118680954,
                -0.955132782459259,
                0.3193865418434143
            ],
            [
                -0.9351865649223328,
                -0.19417704641819,
                -0.29617786407470703,
                2.471226930618286
            ],
            [
                0.0,
                0.0,
                0.0,
                1.0
            ]
        ],
        "scale": [
            1.0000000191978267,
            1.0000000191978267,
            1.0000000191978267
        ]
    },
    "46440_5_0": {
        "joint_pt": [
            [
                -0.05642887476735392,
                -0.33624191554802935,
                1.6243376959213105
            ]
        ],
        "joint_axis": [
            [
                -0.6021688334730545,
                0.529449511517641,
                0.5975583038944168
            ]
        ],
        "transform": [
            [
                0.5995000600814819,
                0.8003747463226318,
                2.504144114290341e-10,
                -0.7214711308479309
            ],
            [
                -0.5214771032333374,
                0.39059898257255554,
                -0.7586132287979126,
                0.48541587591171265
            ],
            [
                -0.6071748733520508,
                0.4547886550426483,
                0.6515412330627441,
                1.3765208721160889
            ],
            [
                0.0,
                0.0,
                0.0,
                1.0
            ]
        ],
        "scale": [
            1.0000001589246499,
            1.0000001589246499,
            1.0000001589246499
        ]
    },
    "46440_3_0": {
        "joint_pt": [
            [
                0.029036750954931412,
                -0.2903015087503203,
                1.6645686515147757
            ]
        ],
        "joint_axis": [
            [
                -0.5976127320516164,
                0.5189836352081607,
                0.6111587524759302
            ]
        ],
        "transform": [
            [
                0.5995000600814819,
                0.8003747463226318,
                1.8066672602401468e-09,
                -0.7214706540107727
            ],
            [
                -0.5214771032333374,
                0.39059898257255554,
                -0.7586132287979126,
                0.4854159355163574
            ],
            [
                -0.6071748733520508,
                0.4547886550426483,
                0.6515412330627441,
                1.3765209913253784
            ],
            [
                0.0,
                0.0,
                0.0,
                1.0
            ]
        ],
        "scale": [
            0.9999996906152548,
            0.9999996906152548,
            0.9999996906152548
        ]
    },
    "46440_10_0": {
        "joint_pt": [
            [
                -0.018751744260089742,
                -0.2785207043881004,
                1.696785433677636
            ]
        ],
        "joint_axis": [
            [
                -0.5919461210537655,
                0.5127425662360539,
                0.6218479402940905
            ]
        ],
        "transform": [
            [
                0.5995000600814819,
                0.8003747463226318,
                -1.5217641036180396e-10,
                -0.7214709520339966
            ],
            [
                -0.5214771628379822,
                0.39059898257255554,
                -0.7586132287979126,
                0.4854159355163574
            ],
            [
                -0.6071748733520508,
                0.4547886550426483,
                0.6515412330627441,
                1.3765209913253784
            ],
            [
                0.0,
                0.0,
                0.0,
                1.0
            ]
        ],
        "scale": [
            0.9999998193474545,
            0.9999998193474545,
            0.9999998193474545
        ]
    },
    "46440_6_0": {
        "joint_pt": [
            [
                -0.05054360340050856,
                -0.21817162409344765,
                1.773087772334919
            ]
        ],
        "joint_axis": [
            [
                -0.5852838127466837,
                0.5141647357859461,
                0.6269589233487024
            ]
        ],
        "transform": [
            [
                0.5995000600814819,
                0.8003747463226318,
                -3.038856055681549e-09,
                -0.7214707136154175
            ],
            [
                -0.5214771032333374,
                0.39059898257255554,
                -0.7586132287979126,
                0.48541581630706787
            ],
            [
                -0.6071748733520508,
                0.4547886550426483,
                0.6515412330627441,
                1.3765209913253784
            ],
            [
                0.0,
                0.0,
                0.0,
                1.0
            ]
        ],
        "scale": [
            1.0000000297144058,
            1.0000000297144058,
            1.0000000297144058
        ]
    },
    "46123_10_0": {
        "joint_pt": [
            [
                -0.08359489364673678,
                -0.24104492599038174,
                1.554013403907376
            ]
        ],
        "joint_axis": [
            [
                0.26301034432840525,
                -0.004862655358794742,
                0.9647807624384354
            ]
        ],
        "transform": [
            [
                -0.20329847931861877,
                0.9791167974472046,
                -2.9577698068550262e-09,
                -0.3793215751647949
            ],
            [
                0.28999271988868713,
                0.06021250784397125,
                -0.955132782459259,
                0.319386750459671
            ],
            [
                -0.9351865649223328,
                -0.19417704641819,
                -0.29617786407470703,
                2.4712274074554443
            ],
            [
                0.0,
                0.0,
                0.0,
                1.0
            ]
        ],
        "scale": [
            1.0000002056416182,
            1.0000002056416182,
            1.0000002056416182
        ]
    },
    "46123_5_0": {
        "joint_pt": [
            [
                -0.0593627530484776,
                -0.21367984177766608,
                1.5686484278761967
            ]
        ],
        "joint_axis": [
            [
                0.23374900632589726,
                -0.14544158675505453,
                0.9613574530489514
            ]
        ],
        "transform": [
            [
                -0.20329847931861877,
                0.9791167974472046,
                5.884719933568761e-10,
                -0.37932154536247253
            ],
            [
                0.28999271988868713,
                0.06021250784397125,
                -0.955132782459259,
                0.3193865716457367
            ],
            [
                -0.9351865649223328,
                -0.19417704641819,
                -0.29617783427238464,
                2.4712274074554443
            ],
            [
                0.0,
                0.0,
                0.0,
                1.0
            ]
        ],
        "scale": [
            0.9999999431323795,
            0.9999999431323795,
            0.9999999431323795
        ]
    },
    "46440_4_0": {
        "joint_pt": [
            [
                -0.007618658450028737,
                -0.3042255691221785,
                1.655351878807449
            ]
        ],
        "joint_axis": [
            [
                -0.6122908316920482,
                0.5263634834959128,
                0.5899503640825903
            ]
        ],
        "transform": [
            [
                0.5995000600814819,
                0.8003747463226318,
                2.0899910690985735e-09,
                -0.7214710712432861
            ],
            [
                -0.5214771032333374,
                0.39059898257255554,
                -0.7586132287979126,
                0.48541587591171265
            ],
            [
                -0.6071748733520508,
                0.4547886550426483,
                0.6515412330627441,
                1.3765207529067993
            ],
            [
                0.0,
                0.0,
                0.0,
                1.0
            ]
        ],
        "scale": [
            1.000000397933976,
            1.000000397933976,
            1.000000397933976
        ]
    },
    "46123_0_0": {
        "joint_pt": [
            [
                -0.08091906293045231,
                -0.2223999729580018,
                1.5988708414663582
            ]
        ],
        "joint_axis": [
            [
                0.20427459039607135,
                -0.11899852747598108,
                0.9716538728301001
            ]
        ],
        "transform": [
            [
                -0.20329847931861877,
                0.9791167974472046,
                -3.8703982241372614e-09,
                -0.3793213367462158
            ],
            [
                0.28999271988868713,
                0.060212504118680954,
                -0.955132782459259,
                0.31938645243644714
            ],
            [
                -0.9351865649223328,
                -0.19417704641819,
                -0.29617786407470703,
                2.4712274074554443
            ],
            [
                0.0,
                0.0,
                0.0,
                1.0
            ]
        ],
        "scale": [
            1.0000000687294168,
            1.0000000687294168,
            1.0000000687294168
        ]
    },
    "46440_2_0": {
        "joint_pt": [
            [
                -0.12667668392953813,
                -0.36933849779588557,
                1.5909368794866015
            ]
        ],
        "joint_axis": [
            [
                -0.5911018198293774,
                0.5326325753608968,
                0.6057236952871703
            ]
        ],
        "transform": [
            [
                0.5995000600814819,
                0.8003747463226318,
                -1.1230366636638678e-09,
                -0.721470832824707
            ],
            [
                -0.5214771032333374,
                0.39059898257255554,
                -0.7586132287979126,
                0.48541590571403503
            ],
            [
                -0.6071748733520508,
                0.4547886550426483,
                0.6515412330627441,
                1.376521110534668
            ],
            [
                0.0,
                0.0,
                0.0,
                1.0
            ]
        ],
        "scale": [
            0.9999998622984022,
            0.9999998622984022,
            0.9999998622984022
        ]
    },
    "46123_8_0": {
        "joint_pt": [
            [
                -0.10012871157415604,
                -0.20777804487134172,
                1.5716618633602075
            ]
        ],
        "joint_axis": [
            [
                0.2004534066223905,
                -0.225183180621607,
                0.9534731106310776
            ]
        ],
        "transform": [
            [
                -0.20329847931861877,
                0.9791167974472046,
                -1.2470360299943195e-09,
                -0.379321813583374
            ],
            [
                0.28999271988868713,
                0.060212504118680954,
                -0.955132782459259,
                0.3193866014480591
            ],
            [
                -0.9351865649223328,
                -0.19417704641819,
                -0.29617786407470703,
                2.471226930618286
            ],
            [
                0.0,
                0.0,
                0.0,
                1.0
            ]
        ],
        "scale": [
            0.9999998437635357,
            0.9999998437635357,
            0.9999998437635357
        ]
    },
    "45841_10_0": {
        "joint_pt": [
            [
                -0.14910904659668794,
                -0.12007533624242472,
                1.5024992133741677
            ]
        ],
        "joint_axis": [
            [
                -0.06071427832779463,
                0.5890716827350337,
                0.8057967091829433
            ]
        ],
        "transform": [
            [
                0.007648342289030552,
                0.9999707341194153,
                -4.316015100869208e-09,
                -0.504027247428894
            ],
            [
                -0.5742203593254089,
                0.004391958937048912,
                -0.8186889886856079,
                0.7016454935073853
            ],
            [
                -0.8186650276184082,
                0.006261616013944149,
                0.5742371678352356,
                1.4572938680648804
            ],
            [
                0.0,
                0.0,
                0.0,
                1.0
            ]
        ],
        "scale": [
            0.9999999129952979,
            0.9999999129952979,
            0.9999999129952979
        ]
    },
    "46123_11_0": {
        "joint_pt": [
            [
                -0.15601309568611624,
                -0.19078523177414453,
                1.6577816077647687
            ]
        ],
        "joint_axis": [
            [
                0.17124985471715842,
                -0.25225274009248433,
                0.9523875526947302
            ]
        ],
        "transform": [
            [
                -0.20329847931861877,
                0.9791167974472046,
                -1.3564489531603385e-09,
                -0.37932178378105164
            ],
            [
                0.28999271988868713,
                0.060212504118680954,
                -0.955132782459259,
                0.3193865120410919
            ],
            [
                -0.9351865649223328,
                -0.19417704641819,
                -0.29617786407470703,
                2.4712271690368652
            ],
            [
                0.0,
                0.0,
                0.0,
                1.0
            ]
        ],
        "scale": [
            0.9999998255461355,
            0.9999998255461355,
            0.9999998255461355
        ]
    },
    "46123_6_0": {
        "joint_pt": [
            [
                -0.12290341178418718,
                -0.13123765318042163,
                1.5946669911335718
            ]
        ],
        "joint_axis": [
            [
                0.14938397886413715,
                -0.21115160540507286,
                0.9659707202681592
            ]
        ],
        "transform": [
            [
                -0.20329847931861877,
                0.9791167974472046,
                -2.939919419020498e-09,
                -0.37932172417640686
            ],
            [
                0.28999271988868713,
                0.060212504118680954,
                -0.955132782459259,
                0.31938666105270386
            ],
            [
                -0.9351865649223328,
                -0.19417704641819,
                -0.29617786407470703,
                2.471226930618286
            ],
            [
                0.0,
                0.0,
                0.0,
                1.0
            ]
        ],
        "scale": [
            0.9999999631575078,
            0.9999999631575078,
            0.9999999631575078
        ]
    },
    "45841_6_0": {
        "joint_pt": [
            [
                -0.12880117383356382,
                -0.23554329399452423,
                1.24011689386669
            ]
        ],
        "joint_axis": [
            [
                -0.003895164998493423,
                0.4442090760619466,
                0.8959146897446594
            ]
        ],
        "transform": [
            [
                0.007648346479982138,
                0.9999707341194153,
                -3.47739748107756e-09,
                -0.5040273070335388
            ],
            [
                -0.5742203593254089,
                0.004391962196677923,
                -0.8186889886856079,
                0.7016454935073853
            ],
            [
                -0.8186650276184082,
                0.00626161927357316,
                0.5742371678352356,
                1.4572938680648804
            ],
            [
                0.0,
                0.0,
                0.0,
                1.0
            ]
        ],
        "scale": [
            1.0000000034478418,
            1.0000000034478418,
            1.0000000034478418
        ]
    },
    "46440_1_0": {
        "joint_pt": [
            [
                -0.1360114770801687,
                -0.33430954376484895,
                1.5622607516012907
            ]
        ],
        "joint_axis": [
            [
                -0.5973200519970135,
                0.5311467070373851,
                0.600909265504998
            ]
        ],
        "transform": [
            [
                0.5995000600814819,
                0.8003747463226318,
                -1.5656481666681543e-10,
                -0.7214710712432861
            ],
            [
                -0.5214771032333374,
                0.39059898257255554,
                -0.7586132287979126,
                0.4854157269001007
            ],
            [
                -0.6071748733520508,
                0.4547886550426483,
                0.6515412330627441,
                1.3765208721160889
            ],
            [
                0.0,
                0.0,
                0.0,
                1.0
            ]
        ],
        "scale": [
            0.9999999944950198,
            0.9999999944950198,
            0.9999999944950198
        ]
    },
    "46440_12_0": {
        "joint_pt": [
            [
                -0.12964465508365874,
                -0.35797642590385814,
                1.5757147071806512
            ]
        ],
        "joint_axis": [
            [
                -0.5971425970633876,
                0.5244991680283494,
                0.6068948482155714
            ]
        ],
        "transform": [
            [
                0.5995000600814819,
                0.8003747463226318,
                -4.1138464856871337e-10,
                -0.7214710712432861
            ],
            [
                -0.5214771032333374,
                0.39059898257255554,
                -0.7586132287979126,
                0.48541584610939026
            ],
            [
                -0.6071748733520508,
                0.4547886550426483,
                0.6515412330627441,
                1.3765208721160889
            ],
            [
                0.0,
                0.0,
                0.0,
                1.0
            ]
        ],
        "scale": [
            0.9999998935684067,
            0.9999998935684067,
            0.9999998935684067
        ]
    },
    "46440_9_0": {
        "joint_pt": [
            [
                -0.006676119634799971,
                -0.28870305275969094,
                1.6334727062065202
            ]
        ],
        "joint_axis": [
            [
                -0.6053683761701452,
                0.522255573546256,
                0.6006481994991238
            ]
        ],
        "transform": [
            [
                0.5995000600814819,
                0.8003747463226318,
                1.8446291161211548e-09,
                -0.7214711308479309
            ],
            [
                -0.5214771032333374,
                0.39059898257255554,
                -0.7586132287979126,
                0.4854157865047455
            ],
            [
                -0.6071748733520508,
                0.4547886550426483,
                0.6515412330627441,
                1.3765208721160889
            ],
            [
                0.0,
                0.0,
                0.0,
                1.0
            ]
        ],
        "scale": [
            1.0000002328386473,
            1.0000002328386473,
            1.0000002328386473
        ]
    },
    "46123_4_0": {
        "joint_pt": [
            [
                -0.1053916448574298,
                -0.21704581008474905,
                1.5937527933939606
            ]
        ],
        "joint_axis": [
            [
                0.1952620512911711,
                -0.2304406044485994,
                0.9532942186483973
            ]
        ],
        "transform": [
            [
                -0.20329847931861877,
                0.9791167974472046,
                2.5902266997945844e-09,
                -0.3793216049671173
            ],
            [
                0.28999271988868713,
                0.06021251156926155,
                -0.955132782459259,
                0.31938645243644714
            ],
            [
                -0.9351865649223328,
                -0.19417704641819,
                -0.29617786407470703,
                2.471226692199707
            ],
            [
                0.0,
                0.0,
                0.0,
                1.0
            ]
        ],
        "scale": [
            0.9999998035778509,
            0.9999998035778509,
            0.9999998035778509
        ]
    }
}