{
    "45841_3_0": {
        "0": {
            "joint_pt": [
                -0.08200477423935348,
                0.021425622981684267,
                1.1417505571088271
            ],
            "joint_axis": [
                -0.018295861048417347,
                0.595246224829388,
                0.8033350620410962
            ],
            "rotation": [
                [
                    0.018415237550017283,
                    0.9998304219803917,
                    -7.942599095028813e-05
                ],
                [
                    -0.595148644837028,
                    0.010897829605641007,
                    -0.8035417399603677
                ],
                [
                    -0.8034046113725171,
                    0.014844682293603306,
                    0.5952484068294316
                ]
            ],
            "translation": [
                -0.5310354599786671,
                0.7480467315016496,
                1.4138030848248602
            ],
            "scale": 1.034843687591936,
            "joint_pt_gt": [
                -0.06799231565272762,
                -0.17186272889288146,
                1.2222805621438182
            ],
            "joint_axis_gt": [
                -0.007648336701095104,
                0.5742203593254089,
                0.8186650276184082
            ]
        },
        "1": {
            "joint_pt": [
                -0.07344172325437803,
                0.17585504560608545,
                1.2584290582336957
            ],
            "joint_axis": [
                -0.01715036684572523,
                0.5937510373356683,
                0.8044689282719149
            ],
            "rotation": [
                [
                    0.018415237550017283,
                    0.9998304219803917,
                    -7.942599095028813e-05
                ],
                [
                    -0.595148644837028,
                    0.010897829605641007,
                    -0.8035417399603677
                ],
                [
                    -0.8034046113725171,
                    0.014844682293603306,
                    0.5952484068294316
                ]
            ],
            "translation": [
                -0.5310354599786671,
                0.7480467315016496,
                1.4138030848248602
            ],
            "scale": 1.034843687591936,
            "joint_pt_gt": [
                -0.07733223858446203,
                0.1848376886904992,
                1.2695801165151428
            ],
            "joint_axis_gt": [
                -0.007648336701095104,
                0.5742203593254089,
                0.8186650276184082
            ]
        },
        "2": {
            "joint_pt": [
                -0.10464983879808287,
                -0.12421987825976755,
                1.4975725801924593
            ],
            "joint_axis": [
                -0.018371068887847,
                0.5952086151006892,
                0.8033611988201759
            ],
            "rotation": [
                [
                    0.018415237550017283,
                    0.9998304219803917,
                    -7.942599095028813e-05
                ],
                [
                    -0.595148644837028,
                    0.010897829605641007,
                    -0.8035417399603677
                ],
                [
                    -0.8034046113725171,
                    0.014844682293603306,
                    0.5952484068294316
                ]
            ],
            "translation": [
                -0.5310354599786671,
                0.7480467315016496,
                1.4138030848248602
            ],
            "scale": 1.034843687591936,
            "joint_pt_gt": [
                -0.09456967043249948,
                -0.22264779298628956,
                1.5592046650548625
            ],
            "joint_axis_gt": [
                -0.007648336701095104,
                0.5742203593254089,
                0.8186650276184082
            ]
        }
    },
    "46123_7_0": {
        "0": {
            "joint_pt": [
                -0.14397616721394924,
                0.15129174303948886,
                1.5117185324881692
            ],
            "joint_axis": [
                0.17923461589301196,
                -0.259992067553496,
                0.9488303879901028
            ],
            "rotation": [
                [
                    -0.17911990140717315,
                    0.9838077799290843,
                    0.0061897553175387365
                ],
                [
                    0.2601129284875607,
                    0.05342399290082078,
                    -0.9640991346413283
                ],
                [
                    -0.9488189107271786,
                    -0.17107930656142928,
                    -0.2654704230473723
                ]
            ],
            "translation": [
                -0.4097543027091765,
                0.3605064214710592,
                2.4445526140467093
            ],
            "scale": 1.0107071398996963,
            "joint_pt_gt": [
                -0.10626947218353938,
                0.0038180518113374307,
                1.6541906443013534
            ],
            "joint_axis_gt": [
                0.20329847931861877,
                -0.28999271988868713,
                0.9351865649223328
            ]
        },
        "1": {
            "joint_pt": [
                -0.041339572214210196,
                -0.38377538124061156,
                1.612148036287407
            ],
            "joint_axis": [
                0.18076560261786673,
                -0.26232379910547066,
                0.9479021352922644
            ],
            "rotation": [
                [
                    -0.17911990140717315,
                    0.9838077799290843,
                    0.0061897553175387365
                ],
                [
                    0.2601129284875607,
                    0.05342399290082078,
                    -0.9640991346413283
                ],
                [
                    -0.9488189107271786,
                    -0.17107930656142928,
                    -0.2654704230473723
                ]
            ],
            "translation": [
                -0.4097543027091765,
                0.3605064214710592,
                2.4445526140467093
            ],
            "scale": 1.0107071398996963,
            "joint_pt_gt": [
                -0.03620783348380019,
                -0.36833854130685995,
                1.6088929154480653
            ],
            "joint_axis_gt": [
                0.20329847931861877,
                -0.28999271988868713,
                0.9351865649223328
            ]
        },
        "2": {
            "joint_pt": [
                -0.14577009567768845,
                -0.24255576026398568,
                1.6626474508666722
            ],
            "joint_axis": [
                0.17916398305130282,
                -0.26003753780747185,
                0.9488312568036489
            ],
            "rotation": [
                [
                    -0.17911990140717315,
                    0.9838077799290843,
                    0.0061897553175387365
                ],
                [
                    0.2601129284875607,
                    0.05342399290082078,
                    -0.9640991346413283
                ],
                [
                    -0.9488189107271786,
                    -0.17107930656142928,
                    -0.2654704230473723
                ]
            ],
            "translation": [
                -0.4097543027091765,
                0.3605064214710592,
                2.4445526140467093
            ],
            "scale": 1.0107071398996963,
            "joint_pt_gt": [
                -0.10648545450372005,
                -0.2243009347481396,
                1.5835310425232292
            ],
            "joint_axis_gt": [
                0.20329847931861877,
                -0.28999271988868713,
                0.9351865649223328
            ]
        }
    },
    "46440_7_0": {
        "0": {
            "joint_pt": [
                0.00873760957527947,
                0.004178306055662606,
                1.4155961953714713
            ],
            "joint_axis": [
                -0.6046389316806056,
                0.5153729639424866,
                0.6072911145550492
            ],
            "rotation": [
                [
                    0.6047307083125484,
                    0.7963874251945889,
                    0.008236468644780337
                ],
                [
                    -0.5152369973135412,
                    0.3990854909092553,
                    -0.7584600236960709
                ],
                [
                    -0.6073150805168016,
                    0.4544203339834735,
                    0.6516675172503374
                ]
            ],
            "translation": [
                -0.6999749861079035,
                0.48157357136757156,
                1.3386998536096362
            ],
            "scale": 0.998695807039145,
            "joint_pt_gt": [
                0.006558525334845133,
                -0.1113400565841498,
                1.4949838102048496
            ],
            "joint_axis_gt": [
                -0.5995000600814819,
                0.5214771032333374,
                0.6071748733520508
            ]
        },
        "1": {
            "joint_pt": [
                -0.3151602013885201,
                0.07025149116784274,
                1.4485502376301618
            ],
            "joint_axis": [
                -0.6032787509986721,
                0.5140804458276051,
                0.6097420600814419
            ],
            "rotation": [
                [
                    0.6047307083125484,
                    0.7963874251945889,
                    0.008236468644780337
                ],
                [
                    -0.5152369973135412,
                    0.3990854909092553,
                    -0.7584600236960709
                ],
                [
                    -0.6073150805168016,
                    0.4544203339834735,
                    0.6516675172503374
                ]
            ],
            "translation": [
                -0.6999749861079035,
                0.48157357136757156,
                1.3386998536096362
            ],
            "scale": 0.998695807039145,
            "joint_pt_gt": [
                -0.3204962311129146,
                0.0629504518964415,
                1.4496543871188923
            ],
            "joint_axis_gt": [
                -0.5995000600814819,
                0.5214771032333374,
                0.6071748733520508
            ]
        },
        "2": {
            "joint_pt": [
                -0.10888144230969754,
                -0.3835518944172313,
                1.6127698525242404
            ],
            "joint_axis": [
                -0.6046754056022289,
                0.5153497437864754,
                0.6072744954765483
            ],
            "rotation": [
                [
                    0.6047307083125484,
                    0.7963874251945889,
                    0.008236468644780337
                ],
                [
                    -0.5152369973135412,
                    0.3990854909092553,
                    -0.7584600236960709
                ],
                [
                    -0.6073150805168016,
                    0.4544203339834735,
                    0.6516675172503374
                ]
            ],
            "translation": [
                -0.6999749861079035,
                0.48157357136757156,
                1.3386998536096362
            ],
            "scale": 0.998695807039145,
            "joint_pt_gt": [
                -0.1174637399033357,
                -0.40926467632909747,
                1.6282235091259456
            ],
            "joint_axis_gt": [
                -0.5995000600814819,
                0.5214771032333374,
                0.6071748733520508
            ]
        }
    },
    "46440_11_0": {
        "0": {
            "joint_pt": [
                0.01058448226384845,
                0.018240450870375235,
                1.3650156796399182
            ],
            "joint_axis": [
                -0.6027997135018491,
                0.5150838425146521,
                0.6093612790874674
            ],
            "rotation": [
                [
                    0.602891973709986,
                    0.7977381226724893,
                    0.011625647123912897
                ],
                [
                    -0.5149468808744186,
                    0.40021940038536685,
                    -0.7580594577161375
                ],
                [
                    -0.6093857381936212,
                    0.45104137192739824,
                    0.6520818222401739
                ]
            ],
            "translation": [
                -0.699798148020047,
                0.46952810705855547,
                1.3324205207433768
            ],
            "scale": 0.9961723950713992,
            "joint_pt_gt": [
                -0.005925106488865239,
                -0.10714247884217454,
                1.478749063745893
            ],
            "joint_axis_gt": [
                -0.5995000600814819,
                0.5214771032333374,
                0.6071748733520508
            ]
        },
        "1": {
            "joint_pt": [
                -0.3044574650071131,
                0.05060480754275243,
                1.448652959546404
            ],
            "joint_axis": [
                -0.6014821070105367,
                0.5138288051760976,
                0.6117253842029899
            ],
            "rotation": [
                [
                    0.602891973709986,
                    0.7977381226724893,
                    0.011625647123912897
                ],
                [
                    -0.5149468808744186,
                    0.40021940038536685,
                    -0.7580594577161375
                ],
                [
                    -0.6093857381936212,
                    0.45104137192739824,
                    0.6520818222401739
                ]
            ],
            "translation": [
                -0.699798148020047,
                0.46952810705855547,
                1.3324205207433768
            ],
            "scale": 0.9961723950713992,
            "joint_pt_gt": [
                -0.3138517389231139,
                0.047164321727741265,
                1.4514366637708043
            ],
            "joint_axis_gt": [
                -0.5995000600814819,
                0.5214771032333374,
                0.6071748733520508
            ]
        },
        "2": {
            "joint_pt": [
                0.0028709389502717952,
                -0.29910478482075625,
                1.6338952762273504
            ],
            "joint_axis": [
                -0.6028463566664177,
                0.5150420042634994,
                0.6093504873800113
            ],
            "rotation": [
                [
                    0.602891973709986,
                    0.7977381226724893,
                    0.011625647123912897
                ],
                [
                    -0.5149468808744186,
                    0.40021940038536685,
                    -0.7580594577161375
                ],
                [
                    -0.6093857381936212,
                    0.45104137192739824,
                    0.6520818222401739
                ]
            ],
            "translation": [
                -0.699798148020047,
                0.46952810705855547,
                1.3324205207433768
            ],
            "scale": 0.9961723950713992,
            "joint_pt_gt": [
                0.015092774390758068,
                -0.2847035341740597,
                1.652173335477864
            ],
            "joint_axis_gt": [
                -0.5995000600814819,
                0.5214771032333374,
                0.6071748733520508
            ]
        }
    },
    "46123_9_0": {
        "0": {
            "joint_pt": [
                -0.19840410105993536,
                0.01537065566792195,
                1.1253765402036064
            ],
            "joint_axis": [
                0.18739741709651483,
                -0.15838705284375867,
                0.9694306471546621
            ],
            "rotation": [
                [
                    -0.18728014656445774,
                    0.9820438469813464,
                    0.022716278499652742
                ],
                [
                    0.15851484255022724,
                    0.0530356867607534,
                    -0.9859311642407357
                ],
                [
                    -0.969432406820647,
                    -0.1810444656317719,
                    -0.16560105697136812
                ]
            ],
            "translation": [
                -0.4024028708829323,
                0.4334558015447655,
                2.3640320231715775
            ],
            "scale": 0.9853024358766462,
            "joint_pt_gt": [
                -0.08908184909109407,
                0.06704660930502948,
                1.6700774059582444
            ],
            "joint_axis_gt": [
                0.20329847931861877,
                -0.28999271988868713,
                0.9351865649223328
            ]
        },
        "1": {
            "joint_pt": [
                -0.042846062231275406,
                -0.36072691757168773,
                1.613620170580223
            ],
            "joint_axis": [
                0.18895068516038357,
                -0.16079227819740938,
                0.9687372927916784
            ],
            "rotation": [
                [
                    -0.18728014656445774,
                    0.9820438469813464,
                    0.022716278499652742
                ],
                [
                    0.15851484255022724,
                    0.0530356867607534,
                    -0.9859311642407357
                ],
                [
                    -0.969432406820647,
                    -0.1810444656317719,
                    -0.16560105697136812
                ]
            ],
            "translation": [
                -0.4024028708829323,
                0.4334558015447655,
                2.3640320231715775
            ],
            "scale": 0.9853024358766462,
            "joint_pt_gt": [
                -0.026405098028904894,
                -0.3613389789944663,
                1.6089313754800452
            ],
            "joint_axis_gt": [
                0.20329847931861877,
                -0.28999271988868713,
                0.9351865649223328
            ]
        },
        "2": {
            "joint_pt": [
                -0.12494877972870255,
                -0.1045728229237427,
                1.5119097169529594
            ],
            "joint_axis": [
                0.18731747456260753,
                -0.15844675979611966,
                0.9694363280162421
            ],
            "rotation": [
                [
                    -0.18728014656445774,
                    0.9820438469813464,
                    0.022716278499652742
                ],
                [
                    0.15851484255022724,
                    0.0530356867607534,
                    -0.9859311642407357
                ],
                [
                    -0.969432406820647,
                    -0.1810444656317719,
                    -0.16560105697136812
                ]
            ],
            "translation": [
                -0.4024028708829323,
                0.4334558015447655,
                2.3640320231715775
            ],
            "scale": 0.9853024358766462,
            "joint_pt_gt": [
                -0.11764686831068405,
                -0.2341928751337916,
                1.5829545493933983
            ],
            "joint_axis_gt": [
                0.20329847931861877,
                -0.28999271988868713,
                0.9351865649223328
            ]
        }
    },
    "46123_2_0": {
        "0": {
            "joint_pt": [
                -0.12857680608533173,
                0.1266491713765746,
                1.6511871490966836
            ],
            "joint_axis": [
                0.17820459091309715,
                -0.22377788367094978,
                0.9582101070542837
            ],
            "rotation": [
                [
                    -0.17809097756671732,
                    0.9839945434640216,
                    -0.006192103226116963
                ],
                [
                    0.22389517044446094,
                    0.034393039156485034,
                    -0.9740061968536065
                ],
                [
                    -0.9582038177553756,
                    -0.17484809776092053,
                    -0.22643671599016535
                ]
            ],
            "translation": [
                -0.4236288484308004,
                0.4242967574734671,
                2.453357483112066
            ],
            "scale": 1.039780826811644,
            "joint_pt_gt": [
                -0.10137515335423597,
                0.031132023512457696,
                1.6615773093893884
            ],
            "joint_axis_gt": [
                0.20329847931861877,
                -0.28999271988868713,
                0.9351865649223328
            ]
        },
        "1": {
            "joint_pt": [
                -0.0510559824391047,
                -0.39166411956073616,
                1.615529759362778
            ],
            "joint_axis": [
                0.17975585894793975,
                -0.2262460828994029,
                0.9573450669528153
            ],
            "rotation": [
                [
                    -0.17809097756671732,
                    0.9839945434640216,
                    -0.006192103226116963
                ],
                [
                    0.22389517044446094,
                    0.034393039156485034,
                    -0.9740061968536065
                ],
                [
                    -0.9582038177553756,
                    -0.17484809776092053,
                    -0.22643671599016535
                ]
            ],
            "translation": [
                -0.4236288484308004,
                0.4242967574734671,
                2.453357483112066
            ],
            "scale": 1.039780826811644,
            "joint_pt_gt": [
                -0.04141343407592912,
                -0.36359465233888577,
                1.6114623921039235
            ],
            "joint_axis_gt": [
                0.20329847931861877,
                -0.28999271988868713,
                0.9351865649223328
            ]
        },
        "2": {
            "joint_pt": [
                -0.07478672173149853,
                -0.19740118020528835,
                1.5617670799605194
            ],
            "joint_axis": [
                0.17813116700632045,
                -0.22382716698112345,
                0.9582122379581325
            ],
            "rotation": [
                [
                    -0.17809097756671732,
                    0.9839945434640216,
                    -0.006192103226116963
                ],
                [
                    0.22389517044446094,
                    0.034393039156485034,
                    -0.9740061968536065
                ],
                [
                    -0.9582038177553756,
                    -0.17484809776092053,
                    -0.22643671599016535
                ]
            ],
            "translation": [
                -0.4236288484308004,
                0.4242967574734671,
                2.453357483112066
            ],
            "scale": 1.039780826811644,
            "joint_pt_gt": [
                -0.07783525142173287,
                -0.20937940669276067,
                1.581998696177679
            ],
            "joint_axis_gt": [
                0.20329847931861877,
                -0.28999271988868713,
                0.9351865649223328
            ]
        }
    },
    "46123_12_0": {
        "0": {
            "joint_pt": [
                -0.11330314011554449,
                0.04740286249910569,
                1.6282656777036024
            ],
            "joint_axis": [
                0.2529523679522699,
                -0.10109067349584495,
                0.9621828312788138
            ],
            "rotation": [
                [
                    -0.2528472649203238,
                    0.9671100349507152,
                    0.02768466940272324
                ],
                [
                    0.10121006675868827,
                    0.05489678948264648,
                    -0.9933493166510963
                ],
                [
                    -0.9621978918128087,
                    -0.24836369058726054,
                    -0.11176177427395328
                ]
            ],
            "translation": [
                -0.3774495942297671,
                0.4910378136434529,
                2.4011633153195957
            ],
            "scale": 1.027190727093982,
            "joint_pt_gt": [
                -0.09901997928269474,
                -0.015473422955341487,
                1.6487551547315014
            ],
            "joint_axis_gt": [
                0.20329847931861877,
                -0.28999271988868713,
                0.9351865649223328
            ]
        },
        "1": {
            "joint_pt": [
                -0.05344182724551133,
                -0.3818956596632832,
                1.6574306437161028
            ],
            "joint_axis": [
                0.2544467232108877,
                -0.10335967538777499,
                0.9615514752156923
            ],
            "rotation": [
                [
                    -0.2528472649203238,
                    0.9671100349507152,
                    0.02768466940272324
                ],
                [
                    0.10121006675868827,
                    0.05489678948264648,
                    -0.9933493166510963
                ],
                [
                    -0.9621978918128087,
                    -0.24836369058726054,
                    -0.11176177427395328
                ]
            ],
            "translation": [
                -0.3774495942297671,
                0.4910378136434529,
                2.4011633153195957
            ],
            "scale": 1.027190727093982,
            "joint_pt_gt": [
                -0.04293400001851627,
                -0.36641539187889327,
                1.610927509143824
            ],
            "joint_axis_gt": [
                0.20329847931861877,
                -0.28999271988868713,
                0.9351865649223328
            ]
        },
        "2": {
            "joint_pt": [
                -0.07320982652920754,
                -0.2236344457810876,
                1.5714674191032256
            ],
            "joint_axis": [
                0.25288580644489567,
                -0.10113761742890988,
                0.9621953845140597
            ],
            "rotation": [
                [
                    -0.2528472649203238,
                    0.9671100349507152,
                    0.02768466940272324
                ],
                [
                    0.10121006675868827,
                    0.05489678948264648,
                    -0.9933493166510963
                ],
                [
                    -0.9621978918128087,
                    -0.24836369058726054,
                    -0.11176177427395328
                ]
            ],
            "translation": [
                -0.3774495942297671,
                0.4910378136434529,
                2.4011633153195957
            ],
            "scale": 1.027190727093982,
            "joint_pt_gt": [
                -0.07562205223492247,
                -0.1987604840286178,
                1.5847828509776627
            ],
            "joint_axis_gt": [
                0.20329847931861877,
                -0.28999271988868713,
                0.9351865649223328
            ]
        }
    },
    "46440_8_0": {
        "0": {
            "joint_pt": [
                -0.08487652073039442,
                0.10317006536856366,
                1.4628138420268249
            ],
            "joint_axis": [
                -0.5834363118485784,
                0.5211032913263203,
                0.622939369571579
            ],
            "rotation": [
                [
                    0.5835316426781512,
                    0.8120474225562979,
                    0.008354969360317155
                ],
                [
                    -0.5209666678287643,
                    0.3822156286871032,
                    -0.7632201151690883
                ],
                [
                    -0.622964327232894,
                    0.44101042698216997,
                    0.6460845535131388
                ]
            ],
            "translation": [
                -0.700943088381198,
                0.49359559318325785,
                1.3422740710973224
            ],
            "scale": 1.0108230638419724,
            "joint_pt_gt": [
                -0.13466819447931322,
                0.012175386657417908,
                1.6288951620899144
            ],
            "joint_axis_gt": [
                -0.5995000600814819,
                0.5214771032333374,
                0.6071748733520508
            ]
        },
        "1": {
            "joint_pt": [
                -0.31019584137412554,
                0.09060271336761433,
                1.4727353264598406
            ],
            "joint_axis": [
                -0.5821267866930219,
                0.5197421798949796,
                0.6253042610873155
            ],
            "rotation": [
                [
                    0.5835316426781512,
                    0.8120474225562979,
                    0.008354969360317155
                ],
                [
                    -0.5209666678287643,
                    0.3822156286871032,
                    -0.7632201151690883
                ],
                [
                    -0.622964327232894,
                    0.44101042698216997,
                    0.6460845535131388
                ]
            ],
            "translation": [
                -0.700943088381198,
                0.49359559318325785,
                1.3422740710973224
            ],
            "scale": 1.0108230638419724,
            "joint_pt_gt": [
                -0.30002547244712685,
                0.07176997003006341,
                1.4612262609048072
            ],
            "joint_axis_gt": [
                -0.5995000600814819,
                0.5214771032333374,
                0.6071748733520508
            ]
        },
        "2": {
            "joint_pt": [
                -0.05773262115482958,
                -0.30613066983971093,
                1.5841854408264862
            ],
            "joint_axis": [
                -0.5834829659135975,
                0.521064417352147,
                0.6229281777936503
            ],
            "rotation": [
                [
                    0.5835316426781512,
                    0.8120474225562979,
                    0.008354969360317155
                ],
                [
                    -0.5209666678287643,
                    0.3822156286871032,
                    -0.7632201151690883
                ],
                [
                    -0.622964327232894,
                    0.44101042698216997,
                    0.6460845535131388
                ]
            ],
            "translation": [
                -0.700943088381198,
                0.49359559318325785,
                1.3422740710973224
            ],
            "scale": 1.0108230638419724,
            "joint_pt_gt": [
                -0.056816345811889324,
                -0.3206338411171742,
                1.61189511443155
            ],
            "joint_axis_gt": [
                -0.5995000600814819,
                0.5214771032333374,
                0.6071748733520508
            ]
        }
    },
    "46440_0_0": {
        "0": {
            "joint_pt": [
                -0.051383807731216646,
                0.04916421220596906,
                1.406485463761112
            ],
            "joint_axis": [
                -0.6065923145178233,
                0.5241907109196864,
                0.5977205795536671
            ],
            "rotation": [
                [
                    0.6066860700951059,
                    0.7949111758489524,
                    0.006945132323578185
                ],
                [
                    -0.5240521916269283,
                    0.40650203127463713,
                    -0.7484152584097996
                ],
                [
                    -0.5977468634828371,
                    0.4504135001085443,
                    0.6631940636920696
                ]
            ],
            "translation": [
                -0.7039151914215478,
                0.4798458197405981,
                1.3243453529251377
            ],
            "scale": 1.00844855702302,
            "joint_pt_gt": [
                -0.12138777958219493,
                -0.17572488401754727,
                1.4236789801535723
            ],
            "joint_axis_gt": [
                -0.5995000600814819,
                0.5214771628379822,
                0.6071748733520508
            ]
        },
        "1": {
            "joint_pt": [
                -0.32578675675306773,
                0.08285318769477062,
                1.464548082526385
            ],
            "joint_axis": [
                -0.6051848560088072,
                0.5229237150272691,
                0.6002598776053816
            ],
            "rotation": [
                [
                    0.6066860700951059,
                    0.7949111758489524,
                    0.006945132323578185
                ],
                [
                    -0.5240521916269283,
                    0.40650203127463713,
                    -0.7484152584097996
                ],
                [
                    -0.5977468634828371,
                    0.4504135001085443,
                    0.6631940636920696
                ]
            ],
            "translation": [
                -0.7039151914215478,
                0.4798458197405981,
                1.3243453529251377
            ],
            "scale": 1.00844855702302,
            "joint_pt_gt": [
                -0.34049970707816823,
                0.07681867101362744,
                1.4731090293872682
            ],
            "joint_axis_gt": [
                -0.5995000600814819,
                0.5214771628379822,
                0.6071748733520508
            ]
        },
        "2": {
            "joint_pt": [
                -0.03284646509305855,
                -0.3159706866976156,
                1.623894971550807
            ],
            "joint_axis": [
                -0.6066328098072918,
                0.5241601457089157,
                0.5977062755683926
            ],
            "rotation": [
                [
                    0.6066860700951059,
                    0.7949111758489524,
                    0.006945132323578185
                ],
                [
                    -0.5240521916269283,
                    0.40650203127463713,
                    -0.7484152584097996
                ],
                [
                    -0.5977468634828371,
                    0.4504135001085443,
                    0.6631940636920696
                ]
            ],
            "translation": [
                -0.7039151914215478,
                0.4798458197405981,
                1.3243453529251377
            ],
            "scale": 1.00844855702302,
            "joint_pt_gt": [
                -0.029056611216894068,
                -0.2974083793829565,
                1.6192937216738552
            ],
            "joint_axis_gt": [
                -0.5995000600814819,
                0.5214771628379822,
                0.6071748733520508
            ]
        }
    },
    "46123_3_0": {
        "0": {
            "joint_pt": [
                -0.07067371728405936,
                0.030183525996795968,
                1.1508514458005141
            ],
            "joint_axis": [
                -0.03652848115371371,
                0.1512747858081826,
                0.9878166007434832
            ],
            "rotation": [
                [
                    0.03664088517620295,
                    0.9988089377619662,
                    0.03222035661374478
                ],
                [
                    -0.15115386839619654,
                    0.03741030527379835,
                    -0.9878020941100432
                ],
                [
                    -0.9878309337140488,
                    0.03132371156382652,
                    0.15234458143136104
                ]
            ],
            "translation": [
                -0.6079690961634759,
                0.7050078358864907,
                2.061538007865885
            ],
            "scale": 1.0624888450030312,
            "joint_pt_gt": [
                -0.08094799674514974,
                0.04590596476897291,
                1.6616586917620335
            ],
            "joint_axis_gt": [
                0.20329847931861877,
                -0.28999271988868713,
                0.9351865649223328
            ]
        },
        "1": {
            "joint_pt": [
                -0.10338907681423204,
                -0.3437245361212803,
                1.6636662946825844
            ],
            "joint_axis": [
                -0.03505748709741336,
                0.14905532732648938,
                0.9882107757447665
            ],
            "rotation": [
                [
                    0.03664088517620295,
                    0.9988089377619662,
                    0.03222035661374478
                ],
                [
                    -0.15115386839619654,
                    0.03741030527379835,
                    -0.9878020941100432
                ],
                [
                    -0.9878309337140488,
                    0.03132371156382652,
                    0.15234458143136104
                ]
            ],
            "translation": [
                -0.6079690961634759,
                0.7050078358864907,
                2.061538007865885
            ],
            "scale": 1.0624888450030312,
            "joint_pt_gt": [
                -0.038770643107843505,
                -0.35774777152870096,
                1.6126515493560545
            ],
            "joint_axis_gt": [
                0.20329847931861877,
                -0.28999271988868713,
                0.9351865649223328
            ]
        },
        "2": {
            "joint_pt": [
                -0.1594223709795779,
                -0.02367803871623575,
                1.7854250906359568
            ],
            "joint_axis": [
                -0.03659825066329524,
                0.15123017913475653,
                0.9878208383660484
            ],
            "rotation": [
                [
                    0.03664088517620295,
                    0.9988089377619662,
                    0.03222035661374478
                ],
                [
                    -0.15115386839619654,
                    0.03741030527379835,
                    -0.9878020941100432
                ],
                [
